  0.000000000000000E+000  0.316539953654849E+002  0.193879634569072E-012  0.359170087722983E+003 -0.147945845163998E-012  0.441693118913752E+001  0.730553718305252E-013  0.996194698100000E+000  0.000000000000000E+000 -0.871557427500000E-001  0.000000000000000E+000  0.100000000000000E+001  0.000000000000000E+000  0.871557427500000E-001  0.000000000000000E+000  0.996194698100000E+000 -0.239684444362860E+000  0.000000000000000E+000  0.209696717056500E-001
  0.625000000000000E-002 -0.660972402159584E+001  0.801581023779363E-013  0.250128730381815E+003 -0.397963891560330E-012  0.555595287220618E+001  0.330928193954476E-013  0.995890250800503E+000  0.000000000000000E+000 -0.905682525908781E-001  0.000000000000000E+000  0.100000000000000E+001  0.000000000000000E+000  0.905682525908781E-001  0.000000000000000E+000  0.995890250800503E+000 -0.239611194342601E+000  0.000000000000000E+000  0.217907215733653E-001
  0.125000000000000E-001 -0.869494408552255E+001 -0.337637903746746E-013  0.263884434316075E+003 -0.344716368820446E-012  0.784211713327936E+001 -0.844696034256618E-013  0.995574610286134E+000  0.000000000000000E+000 -0.939744399848501E-001  0.000000000000000E+000  0.100000000000000E+001  0.000000000000000E+000  0.939744399848501E-001  0.000000000000000E+000  0.995574610286134E+000 -0.239535251234844E+000  0.000000000000000E+000  0.226102502603549E-001
  0.187500000000000E-001 -0.107858643315320E+002  0.173463673980301E-013  0.278159116796251E+003 -0.659197941281490E-012  0.842920180928363E+001 -0.379461430594880E-013  0.995248347828641E+000  0.000000000000000E+000 -0.973690205415157E-001  0.000000000000000E+000  0.100000000000000E+001  0.000000000000000E+000  0.973690205415157E-001  0.000000000000000E+000  0.995248347828641E+000 -0.239456752487571E+000  0.000000000000000E+000  0.234269863422887E-001
  0.250000000000000E-001 -0.127015807054341E+002 -0.992565404867030E-013  0.290871384800847E+003 -0.903467178424696E-012  0.881459573421479E+001 -0.481859758221232E-013  0.994912104507545E+000  0.000000000000000E+000 -0.100746733551127E+000  0.000000000000000E+000  0.100000000000000E+001  0.000000000000000E+000  0.100746733551127E+000  0.000000000000000E+000  0.994912104507545E+000 -0.239375852344515E+000  0.000000000000000E+000  0.242396640924012E-001
  0.312500000000000E-001 -0.145185313802837E+002  0.228076238451003E-012  0.302639075420717E+003  0.550698133655244E-013  0.913643047411504E+001  0.163101996701394E-012  0.994566589337258E+000  0.000000000000000E+000 -0.104102350554192E+000  0.000000000000000E+000  0.100000000000000E+001  0.000000000000000E+000  0.104102350554192E+000  0.000000000000000E+000  0.994566589337258E+000 -0.239292721394544E+000  0.000000000000000E+000  0.250470255433385E-001
  0.375000000000000E-001 -0.162888236525383E+002  0.154638454819001E-012  0.313774363341913E+003 -0.106894556103299E-011  0.942302605894041E+001 -0.312464237896055E-013  0.994212576963785E+000  0.000000000000000E+000 -0.107430683810005E+000  0.000000000000000E+000  0.100000000000000E+001  0.000000000000000E+000  0.107430683810005E+000  0.000000000000000E+000  0.994212576963785E+000 -0.239207546017487E+000  0.000000000000000E+000  0.258478225246872E-001
  0.437500000000000E-001 -0.180409496108888E+002 -0.133480032582511E-012  0.324449497854898E+003 -0.462653590429636E-012  0.969202526260496E+001 -0.110220712255631E-012  0.993850904942615E+000  0.000000000000000E+000 -0.110726594644642E+000  0.000000000000000E+000  0.100000000000000E+001  0.000000000000000E+000  0.110726594644642E+000  0.000000000000000E+000  0.993850904942615E+000 -0.239120527729193E+000  0.000000000000000E+000  0.266408186715008E-001
  0.500000000000000E-001 -0.197906936374787E+002  0.859147822329653E-013  0.334768445843444E+003  0.154192915795842E-012  0.995171505808501E+001  0.623388543596778E-013  0.993482470612084E+000  0.000000000000000E+000 -0.113985001659713E+000  0.000000000000000E+000  0.100000000000000E+001  0.000000000000000E+000  0.113985001659713E+000  0.000000000000000E+000  0.993482470612084E+000 -0.239031882429267E+000  0.000000000000000E+000  0.274247913993269E-001
  0.562500000000000E-001 -0.215461514101676E+002  0.300741202774457E-012  0.344793438178566E+003  0.135975292303079E-011  0.102060378027904E+002  0.248941038061035E-012  0.993108227578985E+000  0.000000000000000E+000 -0.117200888784091E+000  0.000000000000000E+000  0.100000000000000E+001  0.000000000000000E+000  0.117200888784091E+000  0.000000000000000E+000  0.993108227578985E+000 -0.238941839555504E+000  0.000000000000000E+000  0.281985338414523E-001
  0.625000000000000E-001 -0.233109558682394E+002  0.265543663446888E-012  0.354560811385480E+003  0.110740443370094E-012  0.104565681110560E+002  0.112679582575989E-012  0.992729181835719E+000  0.000000000000000E+000 -0.120369313151808E+000  0.000000000000000E+000  0.100000000000000E+001  0.000000000000000E+000  0.120369313151808E+000  0.000000000000000E+000  0.992729181835719E+000 -0.238850641149674E+000  0.000000000000000E+000  0.289608567443251E-001
  0.687500000000000E-001 -0.250856398075310E+002  0.159937167676372E-012  0.364088402835127E+003 -0.566362583087034E-012  0.107040279971862E+002  0.812256237372764E-013  0.992346387530500E+000  0.000000000000000E+000 -0.123485412790421E+000  0.000000000000000E+000  0.100000000000000E+001  0.000000000000000E+000  0.123485412790421E+000  0.000000000000000E+000  0.992346387530500E+000 -0.238758540839838E+000  0.000000000000000E+000  0.297105903173754E-001
  0.750000000000000E-001 -0.268688581764485E+002  0.641839012494039E-013  0.373384848676438E+003 -0.753012971139601E-012  0.109486533954483E+002  0.916244513328200E-013  0.991960942414365E+000  0.000000000000000E+000 -0.126544414105323E+000  0.000000000000000E+000  0.100000000000000E+001  0.000000000000000E+000  0.126544414105323E+000  0.000000000000000E+000  0.991960942414365E+000 -0.238665802744896E+000  0.000000000000000E+000  0.304465860337408E-001
  0.812500000000000E-001 -0.286578144867280E+002  0.296583070602541E-012  0.382450193264093E+003  0.765392165635811E-012  0.111904517917416E+002  0.133030895478092E-012  0.991573982990697E+000  0.000000000000000E+000 -0.129541639146726E+000  0.000000000000000E+000  0.100000000000000E+001  0.000000000000000E+000  0.129541639146726E+000  0.000000000000000E+000  0.991573982990697E+000 -0.238572700307562E+000  0.000000000000000E+000  0.311677183787022E-001
  0.875000000000000E-001 -0.304489466162270E+002 -0.734013544390066E-013  0.391281747374003E+003  0.318694383976999E-012  0.114292619068523E+002 -0.755536100711462E-013  0.991186679394833E+000  0.000000000000000E+000 -0.132472512647338E+000  0.000000000000000E+000  0.100000000000000E+001  0.000000000000000E+000  0.132472512647338E+000  0.000000000000000E+000  0.991186679394833E+000 -0.238479515062397E+000  0.000000000000000E+000  0.318728865429495E-001
  0.937500000000000E-001 -0.322380356060009E+002  0.191366020252381E-013  0.399873579452998E+003 -0.245291330724448E-012  0.116648987092320E+002 -0.209966393163160E-013  0.990800230032979E+000  0.000000000000000E+000 -0.135332568820113E+000  0.000000000000000E+000  0.100000000000000E+001  0.000000000000000E+000  0.135332568820113E+000  0.000000000000000E+000  0.990800230032979E+000 -0.238386535345935E+000  0.000000000000000E+000  0.325610160581193E-001
  0.100000000000000E+000 -0.340203806940284E+002 -0.156603029155544E-012  0.408217883028098E+003 -0.789744355074757E-012  0.118971519807706E+002 -0.917443456442819E-013  0.990415856011107E+000  0.000000000000000E+000 -0.138117457906810E+000  0.000000000000000E+000  0.100000000000000E+001  0.000000000000000E+000  0.138117457906810E+000  0.000000000000000E+000  0.990415856011107E+000 -0.238294054956272E+000  0.000000000000000E+000  0.332310603723786E-001
  0.106250000000000E+000 -0.357909958265408E+002  0.235907647583300E-012  0.416306163944552E+003  0.469342879384234E-012  0.121257838559245E+002  0.141076231337344E-012  0.990034795385814E+000  0.000000000000000E+000 -0.140822952469487E+000  0.000000000000000E+000  0.100000000000000E+001  0.000000000000000E+000  0.140822952469487E+000  0.000000000000000E+000  0.990034795385814E+000 -0.238202371769827E+000  0.000000000000000E+000  0.338820023641585E-001
  0.112500000000000E+000 -0.375446399304935E+002  0.205680958376142E-012  0.424129056188844E+003  0.167630355434605E-011  0.123505711346080E+002  0.300424518749651E-012  0.989658297270142E+000  0.000000000000000E+000 -0.143444953418434E+000  0.000000000000000E+000  0.100000000000000E+001  0.000000000000000E+000  0.143444953418434E+000  0.000000000000000E+000  0.989658297270142E+000 -0.238111786323196E+000  0.000000000000000E+000  0.345128557924752E-001
  0.118750000000000E+000 -0.392759222185678E+002 -0.122991894446756E-014  0.431677102057830E+003 -0.169021660727690E-012  0.125712888826142E+002 -0.175161011955099E-014  0.989287615828269E+000  0.000000000000000E+000 -0.145979495771402E+000  0.000000000000000E+000  0.100000000000000E+001  0.000000000000000E+000  0.145979495771402E+000  0.000000000000000E+000  0.989287615828269E+000 -0.238022600368282E+000  0.000000000000000E+000  0.351226666825993E-001
  0.125000000000000E+000 -0.409793430732974E+002  0.125208871049054E-012  0.438940655211228E+003 -0.148919414593807E-012  0.127877222567208E+002  0.452474346083675E-013  0.988924004193578E+000  0.000000000000000E+000 -0.148422754140307E+000  0.000000000000000E+000  0.100000000000000E+001  0.000000000000000E+000  0.148422754140307E+000  0.000000000000000E+000  0.988924004193578E+000 -0.237935115408975E+000  0.000000000000000E+000  0.357105146461580E-001
  0.131250000000000E+000 -0.426493763813960E+002 -0.304119576743922E-012  0.445910399109120E+003 -0.100498713060479E-012  0.129996544851048E+002 -0.125074703656691E-012  0.988568708345082E+000  0.000000000000000E+000 -0.150771047942871E+000  0.000000000000000E+000  0.100000000000000E+001  0.000000000000000E+000  0.150771047942871E+000  0.000000000000000E+000  0.988568708345082E+000 -0.237849631227827E+000  0.000000000000000E+000  0.362755141350547E-001
  0.137500000000000E+000 -0.442804610988001E+002  0.332702615457592E-012  0.452577018357435E+003  0.173138334012213E-011  0.132068935950322E+002  0.400199695057473E-012  0.988222960977379E+000  0.000000000000000E+000 -0.153020846337861E+000  0.000000000000000E+000  0.100000000000000E+001  0.000000000000000E+000  0.153020846337861E+000  0.000000000000000E+000  0.988222960977379E+000 -0.237766444411158E+000  0.000000000000000E+000  0.368168156288893E-001
  0.143750000000000E+000 -0.458670854366286E+002 -0.122084634068820E-012  0.458931652655489E+003  0.903014718464833E-013  0.134092322043162E+002 -0.891098383693163E-013  0.987887975399339E+000  0.000000000000000E+000 -0.155168772883751E+000  0.000000000000000E+000  0.100000000000000E+001  0.000000000000000E+000  0.155168772883751E+000  0.000000000000000E+000  0.987887975399339E+000 -0.237685846881081E+000  0.000000000000000E+000  0.373336067558304E-001
  0.150000000000000E+000 -0.474037930535604E+002  0.424228360773604E-012  0.464965664030256E+003  0.122528075473949E-011  0.136065102454890E+002  0.305616991913337E-012  0.987564939496485E+000  0.000000000000000E+000 -0.157211609921652E+000  0.000000000000000E+000  0.100000000000000E+001  0.000000000000000E+000  0.157211609921652E+000  0.000000000000000E+000  0.987564939496485E+000 -0.237608124442854E+000  0.000000000000000E+000  0.378251133471495E-001
  0.156250000000000E+000 -0.488852268902787E+002  0.232203145600351E-012  0.470670814534231E+003  0.282523926531496E-012  0.137985425933344E+002  0.814651641088359E-013  0.987255009791674E+000  0.000000000000000E+000 -0.159146302684343E+000  0.000000000000000E+000  0.100000000000000E+001  0.000000000000000E+000  0.159146302684343E+000  0.000000000000000E+000  0.987255009791674E+000 -0.237533555355877E+000  0.000000000000000E+000  0.382906004258529E-001
  0.162500000000000E+000 -0.503061693207306E+002 -0.204352160193544E-012  0.476039384650300E+003  0.111673678073966E-012  0.139851578293488E+002 -0.135915527666309E-012  0.986959305638014E+000  0.000000000000000E+000 -0.160969963134067E+000  0.000000000000000E+000  0.100000000000000E+001  0.000000000000000E+000  0.160969963134067E+000  0.000000000000000E+000  0.986959305638014E+000 -0.237462408936506E+000  0.000000000000000E+000  0.387293731300566E-001
  0.168750000000000E+000 -0.516615437681801E+002  0.264297264629398E-012  0.481063903484119E+003  0.661136524068196E-012  0.141661970145680E+002  0.150798519489825E-012  0.986678903577196E+000  0.000000000000000E+000 -0.162679873532522E+000  0.000000000000000E+000  0.100000000000000E+001  0.000000000000000E+000  0.162679873532522E+000  0.000000000000000E+000  0.986678903577196E+000 -0.237394944200673E+000  0.000000000000000E+000  0.391407775719248E-001
  0.175000000000000E+000 -0.529465001126517E+002 -0.206539646496751E-012  0.485737790203219E+003 -0.877525172095849E-012  0.143414978303990E+002 -0.345325411185712E-012  0.986414831895372E+000  0.000000000000000E+000 -0.164273489747069E+000  0.000000000000000E+000  0.100000000000000E+001  0.000000000000000E+000  0.164273489747069E+000  0.000000000000000E+000  0.986414831895372E+000 -0.237331408554026E+000  0.000000000000000E+000  0.395242016331447E-001
  0.181250000000000E+000 -0.541563846313105E+002 -0.439336067525886E-013  0.490054583046565E+003  0.119042750903792E-011  0.145109079042579E+002  0.714327274730451E-013  0.986168065407587E+000  0.000000000000000E+000 -0.165748444297713E+000  0.000000000000000E+000  0.100000000000000E+001  0.000000000000000E+000  0.165748444297713E+000  0.000000000000000E+000  0.986168065407587E+000 -0.237272036537065E+000  0.000000000000000E+000  0.398790756980298E-001
  0.187500000000000E+000 -0.552867763283918E+002 -0.156763491077072E-012  0.494008407262299E+003  0.846147564212404E-013  0.146742854234828E+002  0.398092002529172E-013  0.985939520500370E+000  0.000000000000000E+000 -0.167102549149779E+000  0.000000000000000E+000  0.100000000000000E+001  0.000000000000000E+000  0.167102549149779E+000  0.000000000000000E+000  0.985939520500370E+000 -0.237217048632389E+000  0.000000000000000E+000  0.402048733254367E-001
  0.193750000000000E+000 -0.563335156902761E+002 -0.328521931880488E-013  0.497593871885302E+003  0.202406734423853E-013  0.148314875991745E+002  0.709264357649466E-013  0.985730050460610E+000  0.000000000000000E+000 -0.168333798257442E+000  0.000000000000000E+000  0.100000000000000E+001  0.000000000000000E+000  0.168333798257442E+000  0.000000000000000E+000  0.985730050460610E+000 -0.237166650140823E+000  0.000000000000000E+000  0.405011118607406E-001
  0.200000000000000E+000 -0.572927323978435E+002  0.114032047693335E-012  0.500806133821594E+003 -0.155766390250444E-011  0.149823777238296E+002 -0.555879896887021E-013  0.985540441117154E+000  0.000000000000000E+000 -0.169440369863444E+000  0.000000000000000E+000  0.100000000000000E+001  0.000000000000000E+000  0.169440369863444E+000  0.000000000000000E+000  0.985540441117154E+000 -0.237121030132787E+000  0.000000000000000E+000  0.407673529891447E-001
  0.206250000000000E+000 -0.581608577804411E+002 -0.208949177404882E-012  0.503640837649847E+003 -0.131184028554002E-011  0.151268110493519E+002 -0.215898699465650E-012  0.985371406819770E+000  0.000000000000000E+000 -0.170420628560285E+000  0.000000000000000E+000  0.100000000000000E+001  0.000000000000000E+000  0.170420628560285E+000  0.000000000000000E+000  0.985371406819770E+000 -0.237080360480837E+000  0.000000000000000E+000  0.410032032316046E-001
  0.212500000000000E+000 -0.589346404690818E+002 -0.279862938379338E-012  0.506094154552295E+003  0.106318091050159E-012  0.152646615801046E+002 -0.102647193271418E-012  0.985223586778167E+000  0.000000000000000E+000 -0.171273127118115E+000  0.000000000000000E+000  0.100000000000000E+001  0.000000000000000E+000  0.171273127118115E+000  0.000000000000000E+000  0.985223586778167E+000 -0.237044794978827E+000  0.000000000000000E+000  0.412083143846185E-001
  0.218750000000000E+000 -0.596111726664059E+002 -0.581132364452230E-014  0.508162758064303E+003 -0.147492542543988E-011  0.153957902281195E+002 -0.151488257954769E-013  0.985097541781700E+000  0.000000000000000E+000 -0.171996608084308E+000  0.000000000000000E+000  0.100000000000000E+001  0.000000000000000E+000  0.171996608084308E+000  0.000000000000000E+000  0.985097541781700E+000 -0.237014468552677E+000  0.000000000000000E+000  0.413823839050844E-001
  0.225000000000000E+000 -0.601878968725384E+002  0.350500878321114E-013  0.509843851859400E+003 -0.167083418827574E-012  0.155200676034864E+002 -0.173514963303960E-013  0.984993751318220E+000  0.000000000000000E+000 -0.172590005159380E+000  0.000000000000000E+000  0.100000000000000E+001  0.000000000000000E+000  0.172590005159380E+000  0.000000000000000E+000  0.984993751318220E+000 -0.236989496567164E+000  0.000000000000000E+000  0.415251552413469E-001
  0.231250000000000E+000 -0.606626139622777E+002 -0.135596395223203E-012  0.511135103860745E+003 -0.141698223032312E-011  0.156373642580080E+002 -0.210020966332464E-012  0.984912611108279E+000  0.000000000000000E+000 -0.173052444353515E+000  0.000000000000000E+000  0.100000000000000E+001  0.000000000000000E+000  0.173052444353515E+000  0.000000000000000E+000  0.984912611108279E+000 -0.236969974232652E+000  0.000000000000000E+000  0.416364181114557E-001
  0.237500000000000E+000 -0.610352413850335E+002  0.220060081268514E-012  0.512045991188792E+003 -0.523365953875948E-012  0.157473273187318E+002 -0.214458716276824E-013  0.984854431068518E+000  0.000000000000000E+000 -0.173383244927418E+000  0.000000000000000E+000  0.100000000000000E+001  0.000000000000000E+000  0.173383244927418E+000  0.000000000000000E+000  0.984854431068518E+000 -0.236955976115085E+000  0.000000000000000E+000  0.417160087295368E-001
  0.243750000000000E+000 -0.613171668697242E+002  0.273375072579185E-012  0.512653753193562E+003 -0.210856733760927E-012  0.158484532713536E+002  0.154142173281193E-015  0.984819433715677E+000  0.000000000000000E+000 -0.173581920120694E+000  0.000000000000000E+000  0.100000000000000E+001  0.000000000000000E+000  0.173581920120694E+000  0.000000000000000E+000  0.984819433715677E+000 -0.236947555751992E+000  0.000000000000000E+000  0.417638099810389E-001
  0.250000000000000E+000 -0.614823534769072E+002  0.445633113743682E-013  0.512761837494188E+003  0.953130334973795E-012  0.159455306265547E+002  0.120408276466815E-012  0.984807753020178E+000  0.000000000000000E+000 -0.173648177670262E+000  0.000000000000000E+000  0.100000000000000E+001  0.000000000000000E+000  0.173648177670262E+000  0.000000000000000E+000  0.984807753020178E+000 -0.236944745376655E+000  0.000000000000000E+000  0.417797515474650E-001
  0.256250000000000E+000 -0.615379694553107E+002  0.587047771505311E-013  0.512485026917110E+003 -0.736913233935726E-012  0.160345486821265E+002 -0.386926587820628E-014  0.984819433715683E+000  0.000000000000000E+000 -0.173581920120659E+000  0.000000000000000E+000  0.100000000000000E+001  0.000000000000000E+000  0.173581920120659E+000  0.000000000000000E+000  0.984819433715683E+000 -0.236947555751993E+000  0.000000000000000E+000  0.417638099810306E-001
  0.262500000000000E+000 -0.614854256435313E+002 -0.655968335205870E-013  0.511816776100671E+003 -0.263102342194911E-012  0.161153822443310E+002  0.146405933489714E-012  0.984854431068530E+000  0.000000000000000E+000 -0.173383244927349E+000  0.000000000000000E+000  0.100000000000000E+001  0.000000000000000E+000  0.173383244927349E+000  0.000000000000000E+000  0.984854431068530E+000 -0.236955976115088E+000  0.000000000000000E+000  0.417160087295202E-001
  0.268750000000000E+000 -0.613253114025958E+002 -0.412848574771196E-012  0.510755363239266E+003 -0.178915392804675E-011  0.161882647833880E+002 -0.384809128822784E-012  0.984912611108297E+000  0.000000000000000E+000 -0.173052444353412E+000  0.000000000000000E+000  0.100000000000000E+001  0.000000000000000E+000  0.173052444353412E+000  0.000000000000000E+000  0.984912611108297E+000 -0.236969974232656E+000  0.000000000000000E+000  0.416364181114309E-001
  0.275000000000000E+000 -0.610584797671100E+002  0.198762881153947E-012  0.509302527497560E+003 -0.540757949644160E-012  0.162531745298842E+002  0.781163333157043E-013  0.984993751318244E+000  0.000000000000000E+000 -0.172590005159243E+000  0.000000000000000E+000  0.100000000000000E+001  0.000000000000000E+000  0.172590005159243E+000  0.000000000000000E+000  0.984993751318244E+000 -0.236989496567170E+000  0.000000000000000E+000  0.415251552413139E-001
  0.281250000000000E+000 -0.606860364683514E+002  0.433889035811319E-013  0.507460236685581E+003 -0.692451322270476E-012  0.163100312766799E+002 -0.108337827685746E-012  0.985097541781730E+000  0.000000000000000E+000 -0.171996608084136E+000  0.000000000000000E+000  0.100000000000000E+001  0.000000000000000E+000  0.171996608084136E+000  0.000000000000000E+000  0.985097541781730E+000 -0.237014468552684E+000  0.000000000000000E+000  0.413823839050432E-001
  0.287500000000000E+000 -0.602094319660822E+002  0.373426983779623E-012  0.505231099908183E+003  0.119181006512152E-011  0.163587291994417E+002  0.340092956665712E-012  0.985223586778203E+000  0.000000000000000E+000 -0.171273127117910E+000  0.000000000000000E+000  0.100000000000000E+001  0.000000000000000E+000  0.171273127117910E+000  0.000000000000000E+000  0.985223586778203E+000 -0.237044794978836E+000  0.000000000000000E+000  0.412083143845692E-001
  0.293750000000000E+000 -0.596305666930846E+002  0.131356731047916E-012  0.502618813076212E+003 -0.578918596917189E-012  0.163991420031434E+002  0.166915770593971E-012  0.985371406819811E+000  0.000000000000000E+000 -0.170420628560047E+000  0.000000000000000E+000  0.100000000000000E+001  0.000000000000000E+000  0.170420628560047E+000  0.000000000000000E+000  0.985371406819811E+000 -0.237080360480846E+000  0.000000000000000E+000  0.410032032315473E-001
  0.300000000000000E+000 -0.589514527838632E+002 -0.603772240537204E-012  0.499625654925658E+003 -0.220163090609666E-011  0.164311879167765E+002 -0.365327173396364E-012  0.985540441117200E+000  0.000000000000000E+000 -0.169440369863173E+000  0.000000000000000E+000  0.100000000000000E+001  0.000000000000000E+000  0.169440369863173E+000  0.000000000000000E+000  0.985540441117200E+000 -0.237121030132798E+000  0.000000000000000E+000  0.407673529890794E-001
  0.306250000000000E+000 -0.581747100657960E+002 -0.189641705117261E-012  0.496256719011594E+003 -0.864822983155693E-012  0.164547212601515E+002 -0.271003420849346E-012  0.985730050460662E+000  0.000000000000000E+000 -0.168333798257138E+000  0.000000000000000E+000  0.100000000000000E+001  0.000000000000000E+000  0.168333798257138E+000  0.000000000000000E+000  0.985730050460662E+000 -0.237166650140835E+000  0.000000000000000E+000  0.405011118606674E-001
  0.312500000000000E+000 -0.573032275068744E+002 -0.143189279877554E-012  0.492516423650166E+003  0.754280228369124E-012  0.164696351978254E+002 -0.296143556200806E-014  0.985939520500427E+000  0.000000000000000E+000 -0.167102549149442E+000  0.000000000000000E+000  0.100000000000000E+001  0.000000000000000E+000  0.167102549149442E+000  0.000000000000000E+000  0.985939520500427E+000 -0.237217048632403E+000  0.000000000000000E+000  0.402048733253559E-001
  0.318750000000000E+000 -0.563402372330971E+002  0.533045829698153E-013  0.488409918203485E+003 -0.689192495846184E-012  0.164758230755589E+002 -0.130332051953319E-012  0.986168065407649E+000  0.000000000000000E+000 -0.165748444297345E+000  0.000000000000000E+000  0.100000000000000E+001  0.000000000000000E+000  0.165748444297345E+000  0.000000000000000E+000  0.986168065407649E+000 -0.237272036537080E+000  0.000000000000000E+000  0.398790756979413E-001
  0.325000000000000E+000 -0.552892991053132E+002 -0.110592091040473E-012  0.483942890395599E+003 -0.121762878914807E-012  0.164731797044657E+002 -0.753141736125979E-013  0.986414831895438E+000  0.000000000000000E+000 -0.164273489746670E+000  0.000000000000000E+000  0.100000000000000E+001  0.000000000000000E+000  0.164273489746670E+000  0.000000000000000E+000  0.986414831895438E+000 -0.237331408554042E+000  0.000000000000000E+000  0.395242016330487E-001
  0.331250000000000E+000 -0.541542868692096E+002  0.229989638445005E-012  0.479121534535233E+003  0.651679494058648E-012  0.164616058053036E+002  0.195595380883766E-012  0.986678903577267E+000  0.000000000000000E+000 -0.162679873532093E+000  0.000000000000000E+000  0.100000000000000E+001  0.000000000000000E+000  0.162679873532093E+000  0.000000000000000E+000  0.986678903577267E+000 -0.237394944200690E+000  0.000000000000000E+000  0.391407775718215E-001
  0.337500000000000E+000 -0.529393535757515E+002 -0.710594777464379E-013  0.473952601735419E+003  0.498066783655312E-012  0.164410185404398E+002  0.346388545308718E-013  0.986959305638089E+000  0.000000000000000E+000 -0.160969963133608E+000  0.000000000000000E+000  0.100000000000000E+001  0.000000000000000E+000  0.160969963133608E+000  0.000000000000000E+000  0.986959305638089E+000 -0.237462408936524E+000  0.000000000000000E+000  0.387293731299460E-001
  0.343750000000000E+000 -0.516489345199613E+002 -0.603007227484298E-013  0.468443322359179E+003 -0.618348265480421E-013  0.164113292714302E+002 -0.621849758284618E-013  0.987255009791753E+000  0.000000000000000E+000 -0.159146302683854E+000  0.000000000000000E+000  0.100000000000000E+001  0.000000000000000E+000  0.159146302683854E+000  0.000000000000000E+000  0.987255009791753E+000 -0.237533555355896E+000  0.000000000000000E+000  0.382906004257353E-001
  0.350000000000000E+000 -0.502877124539898E+002  0.987005616126524E-013  0.462601482559275E+003  0.968695293006869E-012  0.163724657925231E+002  0.179518534622798E-012  0.987564939496568E+000  0.000000000000000E+000 -0.157211609921135E+000  0.000000000000000E+000  0.100000000000000E+001  0.000000000000000E+000  0.157211609921135E+000  0.000000000000000E+000  0.987564939496568E+000 -0.237608124442874E+000  0.000000000000000E+000  0.378251133470251E-001
  0.356250000000000E+000 -0.488605904691902E+002  0.244880504762790E-012  0.456435315342128E+003  0.172130315709887E-011  0.163243721296030E+002  0.349525560408088E-012  0.987887975399425E+000  0.000000000000000E+000 -0.155168772883206E+000  0.000000000000000E+000  0.100000000000000E+001  0.000000000000000E+000  0.155168772883206E+000  0.000000000000000E+000  0.987887975399425E+000 -0.237685846881102E+000  0.000000000000000E+000  0.373336067556993E-001
  0.362500000000000E+000 -0.473726775109911E+002  0.638796307517175E-012  0.449953618052145E+003  0.943363537241337E-012  0.162669950843823E+002  0.249295020208768E-012  0.988222960977468E+000  0.000000000000000E+000 -0.153020846337289E+000  0.000000000000000E+000  0.100000000000000E+001  0.000000000000000E+000  0.153020846337289E+000  0.000000000000000E+000  0.988222960977468E+000 -0.237766444411179E+000  0.000000000000000E+000  0.368168156287517E-001
  0.368750000000000E+000 -0.458292594813861E+002  0.495582741510958E-012  0.443165680690672E+003  0.372711263847326E-012  0.162002941067089E+002  0.371962956198858E-012  0.988568708345173E+000  0.000000000000000E+000 -0.150771047942273E+000  0.000000000000000E+000  0.100000000000000E+001  0.000000000000000E+000  0.150771047942273E+000  0.000000000000000E+000  0.988568708345173E+000 -0.237849631227849E+000  0.000000000000000E+000  0.362755141349109E-001
  0.375000000000000E+000 -0.442357682488262E+002 -0.150037968160710E-012  0.436081260105808E+003 -0.353985920610471E-012  0.161242507003169E+002  0.135674969182550E-013  0.988924004193672E+000  0.000000000000000E+000 -0.148422754139685E+000  0.000000000000000E+000  0.100000000000000E+001  0.000000000000000E+000  0.148422754139685E+000  0.000000000000000E+000  0.988924004193672E+000 -0.237935115408997E+000  0.000000000000000E+000  0.357105146460081E-001
  0.381250000000000E+000 -0.425977628290778E+002  0.112722331468973E-013  0.428710624314772E+003 -0.380732569795621E-012  0.160388529187534E+002 -0.250470127882518E-013  0.989287615828365E+000  0.000000000000000E+000 -0.145979495770755E+000  0.000000000000000E+000  0.100000000000000E+001  0.000000000000000E+000  0.145979495770755E+000  0.000000000000000E+000  0.989287615828365E+000 -0.238022600368305E+000  0.000000000000000E+000  0.351226666824436E-001
  0.387500000000000E+000 -0.409208979463499E+002  0.114906348325228E-012  0.421064513383433E+003 -0.346651807839272E-012  0.159441072490685E+002  0.804273362259439E-013  0.989658297270240E+000  0.000000000000000E+000 -0.143444953417764E+000  0.000000000000000E+000  0.100000000000000E+001  0.000000000000000E+000  0.143444953417764E+000  0.000000000000000E+000  0.989658297270240E+000 -0.238111786323220E+000  0.000000000000000E+000  0.345128557923139E-001
  0.393750000000000E+000 -0.392108917132581E+002  0.184416718007618E-012  0.413154093560596E+003 -0.265215561841553E-012  0.158400404130263E+002  0.185124252900033E-013  0.990034795385913E+000  0.000000000000000E+000 -0.140822952468794E+000  0.000000000000000E+000  0.100000000000000E+001  0.000000000000000E+000  0.140822952468794E+000  0.000000000000000E+000  0.990034795385913E+000 -0.238202371769851E+000  0.000000000000000E+000  0.338820023639919E-001
  0.400000000000000E+000 -0.374735094509385E+002  0.336293493052864E-013  0.404991051125134E+003  0.219487647380264E-012  0.157266879066851E+002  0.104831741464583E-012  0.990415856011207E+000  0.000000000000000E+000 -0.138117457906097E+000  0.000000000000000E+000  0.100000000000000E+001  0.000000000000000E+000  0.138117457906097E+000  0.000000000000000E+000  0.990415856011207E+000 -0.238294054956296E+000  0.000000000000000E+000  0.332310603722068E-001
  0.406250000000000E+000 -0.357145239295229E+002  0.130715750723542E-012  0.396587460870685E+003 -0.102120130134953E-011  0.156041122799841E+002  0.352151420486143E-014  0.990800230033079E+000  0.000000000000000E+000 -0.135332568819380E+000  0.000000000000000E+000  0.100000000000000E+001  0.000000000000000E+000  0.135332568819380E+000  0.000000000000000E+000  0.990800230033079E+000 -0.238386535345959E+000  0.000000000000000E+000  0.325610160579427E-001
  0.412500000000000E+000 -0.339396815933348E+002 -0.575095526755831E-013  0.387955741255949E+003  0.936149069954971E-012  0.154724065955548E+002 -0.142159777914685E-012  0.991186679394934E+000  0.000000000000000E+000 -0.132472512646585E+000  0.000000000000000E+000  0.100000000000000E+001  0.000000000000000E+000  0.132472512646585E+000  0.000000000000000E+000  0.991186679394934E+000 -0.238479515062421E+000  0.000000000000000E+000  0.318728865427684E-001
  0.418750000000000E+000 -0.321547108022676E+002 -0.598687766029116E-013  0.379108955903557E+003 -0.214521620712357E-012  0.153316427404147E+002 -0.119352047013752E-012  0.991573982990797E+000  0.000000000000000E+000 -0.129541639145955E+000  0.000000000000000E+000  0.100000000000000E+001  0.000000000000000E+000  0.129541639145955E+000  0.000000000000000E+000  0.991573982990797E+000 -0.238572700307586E+000  0.000000000000000E+000  0.311677183785168E-001
  0.425000000000000E+000 -0.303652486044144E+002 -0.547929757122034E-013  0.370060348274747E+003 -0.413669013320334E-013  0.151819546035157E+002  0.153694545553628E-012  0.991960942414465E+000  0.000000000000000E+000 -0.126544414104536E+000  0.000000000000000E+000  0.100000000000000E+001  0.000000000000000E+000  0.126544414104536E+000  0.000000000000000E+000  0.991960942414465E+000 -0.238665802744920E+000  0.000000000000000E+000  0.304465860335513E-001
  0.431250000000000E+000 -0.285768389191602E+002  0.656332627135825E-014  0.360823566641486E+003 -0.283124794019314E-012  0.150234924627775E+002 -0.607550413951468E-013  0.992346387530600E+000  0.000000000000000E+000 -0.123485412789619E+000  0.000000000000000E+000  0.100000000000000E+001  0.000000000000000E+000  0.123485412789619E+000  0.000000000000000E+000  0.992346387530600E+000 -0.238758540839862E+000  0.000000000000000E+000  0.297105903171822E-001
  0.437500000000000E+000 -0.267948976756684E+002 -0.339889574818564E-012  0.351412689064869E+003 -0.749606741604522E-012  0.148564041921801E+002 -0.158802129518735E-012  0.992729181835818E+000  0.000000000000000E+000 -0.120369313150992E+000  0.000000000000000E+000  0.100000000000000E+001  0.000000000000000E+000  0.120369313150992E+000  0.000000000000000E+000  0.992729181835818E+000 -0.238850641149698E+000  0.000000000000000E+000  0.289608567441286E-001
  0.443750000000000E+000 -0.250246958922532E+002  0.651692241837587E-013  0.341842042225004E+003 -0.464712135254830E-012  0.146808806408265E+002  0.870031505020003E-013  0.993108227579083E+000  0.000000000000000E+000 -0.117200888783261E+000  0.000000000000000E+000  0.100000000000000E+001  0.000000000000000E+000  0.117200888783261E+000  0.000000000000000E+000  0.993108227579083E+000 -0.238941839555527E+000  0.000000000000000E+000  0.281985338412527E-001
  0.450000000000000E+000 -0.232713287197943E+002  0.118522379410901E-012  0.332126279173996E+003 -0.170805104096185E-012  0.144971309954598E+002  0.210584631321657E-013  0.993482470612180E+000  0.000000000000000E+000 -0.113985001658871E+000  0.000000000000000E+000  0.100000000000000E+001  0.000000000000000E+000  0.113985001658871E+000  0.000000000000000E+000  0.993482470612180E+000 -0.239031882429291E+000  0.000000000000000E+000  0.274247913991244E-001
  0.456250000000000E+000 -0.215397012266465E+002  0.153930687640802E-012  0.322280393687296E+003 -0.143107762378043E-011  0.143053828514211E+002 -0.569747894555127E-013  0.993850904942710E+000  0.000000000000000E+000 -0.110726594643790E+000  0.000000000000000E+000  0.100000000000000E+001  0.000000000000000E+000  0.110726594643790E+000  0.000000000000000E+000  0.993850904942710E+000 -0.239120527729216E+000  0.000000000000000E+000  0.266408186712958E-001
  0.462500000000000E+000 -0.198344847175934E+002 -0.410066945677467E-012  0.312319480698048E+003 -0.358365914343569E-012  0.141058944832750E+002 -0.205405966435714E-012  0.994212576963878E+000  0.000000000000000E+000 -0.107430683809144E+000  0.000000000000000E+000  0.100000000000000E+001  0.000000000000000E+000  0.107430683809144E+000  0.000000000000000E+000  0.994212576963878E+000 -0.239207546017509E+000  0.000000000000000E+000  0.258478225244800E-001
  0.468750000000000E+000 -0.181600959861420E+002  0.148861825643998E-012  0.302258723278866E+003 -0.120640583575564E-012  0.138989353323778E+002  0.104925861403306E-012  0.994566589337349E+000  0.000000000000000E+000 -0.104102350553323E+000  0.000000000000000E+000  0.100000000000000E+001  0.000000000000000E+000  0.104102350553323E+000  0.000000000000000E+000  0.994566589337349E+000 -0.239292721394566E+000  0.000000000000000E+000  0.250470255431294E-001
  0.475000000000000E+000 -0.165207848145361E+002  0.176530665085828E-012  0.292114522819582E+003  0.339399166020943E-012  0.136848023405394E+002  0.978734255500604E-013  0.994912104507634E+000  0.000000000000000E+000 -0.100746733550252E+000  0.000000000000000E+000  0.100000000000000E+001  0.000000000000000E+000  0.100746733550252E+000  0.000000000000000E+000  0.994912104507634E+000 -0.239375852344537E+000  0.000000000000000E+000  0.242396640921906E-001
  0.481250000000000E+000 -0.149204398374942E+002  0.780443418224586E-013  0.281902173698858E+003  0.121139438599969E-012  0.134638094169168E+002 -0.160934127839782E-013  0.995248347828728E+000  0.000000000000000E+000 -0.973690205406353E-001  0.000000000000000E+000  0.100000000000000E+001  0.000000000000000E+000  0.973690205406353E-001  0.000000000000000E+000  0.995248347828728E+000 -0.239456752487592E+000  0.000000000000000E+000  0.234269863420769E-001
  0.487500000000000E+000 -0.133626720430648E+002  0.301992805762374E-012  0.271637656672008E+003 -0.246893890374155E-012  0.132363199242375E+002  0.219443057547343E-012  0.995574610286218E+000  0.000000000000000E+000 -0.939744399839660E-001  0.000000000000000E+000  0.100000000000000E+001  0.000000000000000E+000  0.939744399839660E-001  0.000000000000000E+000  0.995574610286218E+000 -0.239535251234864E+000  0.000000000000000E+000  0.226102502601422E-001
  0.493750000000000E+000 -0.118508353745140E+002  0.175214009967561E-012  0.261337210848330E+003  0.469782293605139E-013  0.130026525511442E+002  0.158246745196985E-013  0.995890250800584E+000  0.000000000000000E+000 -0.905682525899917E-001  0.000000000000000E+000  0.100000000000000E+001  0.000000000000000E+000  0.905682525899917E-001  0.000000000000000E+000  0.995890250800584E+000 -0.239611194342620E+000  0.000000000000000E+000  0.217907215731520E-001
  0.500000000000000E+000 -0.103879133746412E+002  0.136114210180782E-012  0.251017184932713E+003 -0.621631619868570E-012  0.127631759525076E+002  0.575539073359196E-013  0.996194698100078E+000  0.000000000000000E+000 -0.871557427491127E-001  0.000000000000000E+000  0.100000000000000E+001  0.000000000000000E+000  0.871557427491127E-001  0.000000000000000E+000  0.996194698100078E+000 -0.239684444362879E+000  0.000000000000000E+000  0.209696717054365E-001
  0.506250000000000E+000 -0.897662357573595E+001 -0.238854075407247E-012  0.240693626318648E+003 -0.102432300643328E-011  0.125183214143858E+002 -0.139186143496450E-012  0.996487452154296E+000  0.000000000000000E+000 -0.837422098818336E-001  0.000000000000000E+000  0.100000000000000E+001  0.000000000000000E+000  0.837422098818336E-001  0.000000000000000E+000  0.996487452154296E+000 -0.239754880988324E+000  0.000000000000000E+000  0.201483756975692E-001
  0.512500000000000E+000 -0.761930308322417E+001 -0.144822522030186E-012  0.230382789711439E+003 -0.429556446470983E-012  0.122684885915036E+002 -0.740002428535908E-013  0.996768085162344E+000  0.000000000000000E+000 -0.803329597279222E-001  0.000000000000000E+000  0.100000000000000E+001  0.000000000000000E+000  0.803329597279222E-001  0.000000000000000E+000  0.996768085162344E+000 -0.239822401290060E+000  0.000000000000000E+000  0.193281101105381E-001
  0.518750000000000E+000 -0.631797248918373E+001  0.228120473899640E-012  0.220101013690228E+003 -0.476175058976564E-012  0.120141143716433E+002  0.916072517717987E-013  0.997036242092305E+000  0.000000000000000E+000 -0.769332955963127E-001  0.000000000000000E+000  0.100000000000000E+001  0.000000000000000E+000  0.769332955963127E-001  0.000000000000000E+000  0.997036242092305E+000 -0.239886919847409E+000  0.000000000000000E+000  0.185101509204728E-001
  0.525000000000000E+000 -0.507434133802748E+001 -0.189813442741382E-013  0.209864634284274E+003 -0.503070871571661E-012  0.117556143973296E+002  0.250056964533329E-013  0.997291640771599E+000  0.000000000000000E+000 -0.735485095970416E-001  0.000000000000000E+000  0.100000000000000E+001  0.000000000000000E+000  0.735485095970416E-001  0.000000000000000E+000  0.997291640771599E+000 -0.239948368769647E+000  0.000000000000000E+000  0.176957714090482E-001
  0.531250000000000E+000 -0.388975060772023E+001 -0.675241113023972E-014  0.199689810936700E+003 -0.479725419931700E-012  0.114934580443844E+002 -0.248913019063478E-013  0.997534071530655E+000  0.000000000000000E+000 -0.701838738766142E-001  0.000000000000000E+000  0.100000000000000E+001  0.000000000000000E+000  0.701838738766142E-001  0.000000000000000E+000  0.997534071530655E+000 -0.240006697610276E+000  0.000000000000000E+000  0.168862400547134E-001
  0.537500000000000E+000 -0.276522561164457E+001  0.392616494870879E-012  0.189592818730747E+003 -0.135962646768932E-012  0.112281133601984E+002  0.148879801653537E-012  0.997763396405143E+000  0.000000000000000E+000 -0.668446318781637E-001  0.000000000000000E+000  0.100000000000000E+001  0.000000000000000E+000  0.668446318781637E-001  0.000000000000000E+000  0.997763396405143E+000 -0.240061873175077E+000  0.000000000000000E+000  0.160828184298862E-001
