  0.000000000000000E+000 -0.329919727607878E+002 -0.583946486162550E+000 -0.943219892793782E+002  0.721014491275740E+000  0.319110257754605E+002 -0.133759920345075E+000  0.996194698100000E+000  0.000000000000000E+000 -0.871557427000000E-001  0.000000000000000E+000  0.100000000000000E+001  0.000000000000000E+000  0.871557427000000E-001  0.000000000000000E+000  0.996194698100000E+000 -0.239684444362860E+000  0.000000000000000E+000  0.209696716936200E-001
  0.625000000000000E-002 -0.333853381099648E+001 -0.993488130199151E+000  0.999790679690362E+002 -0.221714438395145E+001  0.205441302406338E+002 -0.413329096956499E+000  0.996194698100000E+000  0.298600676346049E-003 -0.871552311868008E-001  0.000000000000000E+000  0.999994131044227E+000  0.342605853723107E-002  0.871557427000000E-001 -0.341302135016983E-002  0.996188851477376E+000 -0.239684444362860E+000 -0.718433227288595E-004  0.209695486235443E-001
  0.125000000000000E-001 -0.427011125681740E+001 -0.111203711366762E+001  0.135532006515359E+003 -0.270451436870929E+001  0.145298132504610E+002 -0.490881633160837E+000  0.996194698100000E+000  0.596737437044587E-003 -0.871536998068345E-001  0.000000000000000E+000  0.999976560429615E+000  0.684679423934950E-002  0.871557427000000E-001 -0.682074012022160E-002  0.996171347724257E+000 -0.239684444362860E+000 -0.143575027352928E-003  0.209691801735244E-001
  0.187500000000000E-001 -0.497028512845911E+001 -0.117343342376453E+001  0.153266869347692E+003 -0.289016169635946E+001  0.120726644865565E+002 -0.531861755643354E+000  0.996194698100000E+000  0.893947130265179E-003 -0.871511580193682E-001  0.000000000000000E+000  0.999947396689080E+000  0.102568930350608E-001  0.871557427000000E-001 -0.102178624605064E-001  0.996142294960559E+000 -0.239684444362860E+000 -0.215083679541802E-003  0.209685686194600E-001
  0.250000000000000E-001 -0.544252223844207E+001 -0.120568706772297E+001  0.163715304704257E+003 -0.297107135122563E+001  0.106604794324812E+002 -0.553787196224890E+000  0.996194698100000E+000  0.118976812995997E-002 -0.871476215245461E-001  0.000000000000000E+000  0.999906819961573E+000  0.136510583594622E-001  0.871557427000000E-001 -0.135991119611499E-001  0.996101872639751E+000 -0.239684444362860E+000 -0.286258212068369E-003  0.209677177388058E-001
  0.312500000000000E-001 -0.575955257935718E+001 -0.122074899012457E+001  0.170106889911456E+003 -0.300190223004806E+001  0.979524896485859E+001 -0.564789624332153E+000  0.996194698100000E+000  0.148374109413831E-002 -0.871431121658744E-001  0.000000000000000E+000  0.999855080873224E+000  0.170240198542684E-001  0.871557427000000E-001 -0.169592383191714E-001  0.996050330434253E+000 -0.239684444362860E+000 -0.356988107249678E-003  0.209666327871094E-001
  0.375000000000000E-001 -0.597276689330833E+001 -0.122513194726275E+001  0.174128850584274E+003 -0.300623462674775E+001  0.926163495886813E+001 -0.569283464355509E+000  0.996194698100000E+000  0.177540971763553E-002 -0.871376577945674E-001  0.000000000000000E+000  0.999792498980878E+000  0.203705420048647E-001  0.871557427000000E-001 -0.202930259426695E-001  0.995987986684900E+000 -0.239684444362860E+000 -0.427163578063108E-003  0.209653204653729E-001
  0.437500000000000E-001 -0.611805359456827E+001 -0.122243379461368E+001  0.176732342648767E+003 -0.299530574377041E+001  0.892716175812002E+001 -0.569645728575444E+000  0.996194698100000E+000  0.206432147759707E-002 -0.871312920966155E-001  0.000000000000000E+000  0.999719460787930E+000  0.236854326937779E-001  0.871557427000000E-001 -0.235953024717459E-001  0.995915226424326E+000 -0.239684444362860E+000 -0.496675747509856E-003  0.209637888784457E-001
  0.500000000000000E-001 -0.621880090239231E+001 -0.121469936459979E+001  0.178461953645925E+003 -0.297443862777269E+001  0.871350327595179E+001 -0.567186127073976E+000  0.996194698100000E+000  0.235002836994678E-002 -0.871240543836721E-001  0.000000000000000E+000  0.999636417345016E+000  0.269635516507024E-001  0.871557427000000E-001 -0.268609471963753E-001  0.995832498986784E+000 -0.239684444362860E+000 -0.565416825809195E-003  0.209620474847115E-001
  0.562500000000000E-001 -0.628994443448044E+001 -0.120312124634797E+001  0.179639316489900E+003 -0.294628703219045E+001  0.857438399641069E+001 -0.562651393166792E+000  0.996194698100000E+000  0.263208763516625E-002 -0.871159893490822E-001  0.000000000000000E+000  0.999543881450766E+000  0.301998187798846E-001  0.871557427000000E-001 -0.300848993521018E-001  0.995740315219548E+000 -0.239684444362860E+000 -0.633280285020999E-003  0.209601070373892E-001
  0.625000000000000E-001 -0.634108532434614E+001 -0.118842174357227E+001  0.180459002122198E+003 -0.291213826821004E+001  0.848201833199712E+001 -0.556481381659008E+000  0.996194698100000E+000  0.291006247178073E-002 -0.871071467905988E-001  0.000000000000000E+000  0.999442424470314E+000  0.333892223464551E-001  0.871557427000000E-001 -0.332621662752206E-001  0.995639244313536E+000 -0.239684444362860E+000 -0.700161030710444E-003  0.209579795178181E-001
  0.687500000000000E-001 -0.637845197056492E+001 -0.117106287758424E+001  0.181041675560186E+003 -0.287272179945246E+001  0.841959089471638E+001 -0.548951897519347E+000  0.996194698100000E+000  0.318352273602452E-002 -0.870975813015368E-001  0.000000000000000E+000  0.999332672791702E+000  0.365268270041892E-001  0.871557427000000E-001 -0.363878313999892E-001  0.995529910273195E+000 -0.239684444362860E+000 -0.765955570287500E-003  0.209556780611498E-001
  0.750000000000000E-001 -0.640618026891547E+001 -0.115134036737931E+001  0.181463962315659E+003 -0.282845099254407E+001  0.837665108301614E+001 -0.540238252314112E+000  0.996194698100000E+000  0.345204562624460E-002 -0.870873519323152E-001  0.000000000000000E+000  0.999215303942505E+000  0.396077816481576E-001  0.871557427000000E-001 -0.394570620813971E-001  0.995412988047903E+000 -0.239684444362860E+000 -0.830562177674452E-003  0.209532168749150E-001
  0.812500000000000E-001 -0.642706411513497E+001 -0.112945822758738E+001  0.181775597099117E+003 -0.277956045681534E+001  0.834662565925106E+001 -0.530458408841716E+000  0.996194698100000E+000  0.371521635069450E-002 -0.870765218245202E-001  0.000000000000000E+000  0.999091042391176E+000  0.426273270768020E-001  0.871557427000000E-001 -0.424651172280847E-001  0.995289199349292E+000 -0.239684444362860E+000 -0.893881053977097E-003  0.209506111509795E-001
  0.875000000000000E-001 -0.644298606467523E+001 -0.110556639029472E+001  0.182009632596985E+003 -0.272623257735111E+001  0.832527248399221E+001 -0.519696558281600E+000  0.996194698100000E+000  0.397262877746944E-002 -0.870651578197905E-001  0.000000000000000E+000  0.998960655059514E+000  0.455808034491047E-001  0.871557427000000E-001 -0.454073547311363E-001  0.995159308180791E+000 -0.239684444362860E+000 -0.955814483859147E-003  0.209478769714416E-001
  0.937500000000000E-001 -0.645525612341210E+001 -0.107976897875985E+001  0.182188158724684E+003 -0.266861416605377E+001  0.830987018990370E+001 -0.508012238433554E+000  0.996194698100000E+000  0.422388606543812E-002 -0.870533300459827E-001  0.000000000000000E+000  0.998824946574435E+000  0.484636575237184E-001  0.871557427000000E-001 -0.482792386756624E-001  0.995024116107468E+000 -0.239684444362860E+000 -0.101626698734441E-002  0.209450312090634E-001
  0.100000000000000E+000 -0.646480160926181E+001 -0.105216200345160E+001  0.182326432048636E+003 -0.260677916685525E+001  0.829858776698141E+001 -0.495454419131531E+000  0.996194698100000E+000  0.446860127513414E-002 -0.870411114832093E-001  0.000000000000000E+000  0.998684754288822E+000  0.512714496681599E-001  0.871557427000000E-001 -0.510763463233219E-001  0.994884457295826E+000 -0.239684444362860E+000 -0.107514546679727E-002  0.209420914228602E-001
  0.106250000000000E+000 -0.647228485338043E+001 -0.102283072452271E+001  0.182435012488643E+003 -0.254087645899993E+001  0.829021471201025E+001 -0.482068742142771E+000  0.996194698100000E+000  0.470639795868065E-002 -0.870285775124650E-001  0.000000000000000E+000  0.998540943102594E+000  0.539998606274358E-001  0.871557427000000E-001 -0.537943748551904E-001  0.994741193354578E+000 -0.239684444362860E+000 -0.113235934885856E-002  0.209390757494991E-001
  0.112500000000000E+000 -0.647819034908508E+001 -0.991848468915567E+000  0.182521349344161E+003 -0.247103972901193E+001  0.828393375819588E+001 -0.467893074479067E+000  0.996194698100000E+000  0.493691072793289E-002 -0.870158054496597E-001  0.000000000000000E+000  0.998394400116330E+000  0.566446980427474E-001  0.871557427000000E-001 -0.564291478656604E-001  0.994595208008618E+000 -0.239684444362860E+000 -0.118782072114065E-002  0.209360027911881E-001
  0.118750000000000E+000 -0.648287388753762E+001 -0.959277277555797E+000  0.182590876173716E+003 -0.239738079367450E+001  0.827916429098162E+001 -0.452959035704070E+000  0.996194698100000E+000  0.515978580013502E-002 -0.870028740679601E-001  0.000000000000000E+000  0.998246029150758E+000  0.592019027122010E-001  0.871557427000000E-001 -0.589766215993266E-001  0.994447401639363E+000 -0.239684444362860E+000 -0.124144446351249E-002  0.209328915007512E-001
  0.125000000000000E+000 -0.648660374795070E+001 -0.925184329725371E+000  0.182647502576759E+003 -0.232000418738289E+001  0.827550584219926E+001 -0.437297890669620E+000  0.996194698100000E+000  0.537468152049741E-002 -0.869898631114099E-001  0.000000000000000E+000  0.998096745166166E+000  0.616675545867089E-001  0.871557427000000E-001 -0.614328909240717E-001  0.994298685725402E+000 -0.239684444362860E+000 -0.129314837383168E-002  0.209297610646052E-001
  0.131250000000000E+000 -0.648957834496539E+001 -0.889632127900260E+000  0.182694157717648E+003 -0.223904472989447E+001  0.827266071596181E+001 -0.420941069965203E+000  0.996194698100000E+000  0.558126886120784E-002 -0.869768528028435E-001  0.000000000000000E+000  0.997947468616357E+000  0.640378784955020E-001  0.871557427000000E-001 -0.637941950347911E-001  0.994149977217931E+000 -0.239684444362860E+000 -0.134285328800661E-002  0.209266307843642E-001
  0.137500000000000E+000 -0.649195281781744E+001 -0.852680601296132E+000  0.182732937968360E+003 -0.215463511761697E+001  0.827042863623103E+001 -0.403917574954880E+000  0.996194698100000E+000  0.577923189649413E-002 -0.869639233491403E-001  0.000000000000000E+000  0.997799119772062E+000  0.663092495968614E-001  0.871557427000000E-001 -0.660569228833828E-001  0.994002192885775E+000 -0.239684444362860E+000 -0.139048319429649E-002  0.209235199578032E-001
  0.143750000000000E+000 -0.649385004913512E+001 -0.814391820408158E+000  0.182765457570685E+003 -0.206689259246307E+001  0.826866462579867E+001 -0.386256343682188E+000  0.996194698100000E+000  0.596826825345412E-002 -0.869511544468698E-001  0.000000000000000E+000  0.997652613048869E+000  0.684781985508124E-001  0.871557427000000E-001 -0.682176183317584E-001  0.993856243664894E+000 -0.239684444362860E+000 -0.143596534178106E-002  0.209204477599169E-001
  0.150000000000000E+000 -0.649536562670332E+001 -0.774828314525642E+000  0.182792978250467E+003 -0.197595464275577E+001  0.826725479282186E+001 -0.367987679577501E+000  0.996194698100000E+000  0.614808953846225E-002 -0.869386247913760E-001  0.000000000000000E+000  0.997508851374586E+000  0.705414164115918E-001  0.871557427000000E-001 -0.702729850256921E-001  0.993713029047184E+000 -0.239684444362860E+000 -0.147923034295402E-002  0.209174331248051E-001
  0.156250000000000E+000 -0.649657328169338E+001 -0.734056705265745E+000  0.182816450858636E+003 -0.188195956791681E+001  0.826611682896624E+001 -0.349141976495565E+000  0.996194698100000E+000  0.631842173904814E-002 -0.869264115923125E-001  0.000000000000000E+000  0.997368720630643E+000  0.724957592386868E-001  0.871557427000000E-001 -0.722198909883139E-001  0.993573431543027E+000 -0.239684444362860E+000 -0.152021227041498E-002  0.209144946291104E-001
  0.162500000000000E+000 -0.649753411199837E+001 -0.692141170475578E+000  0.182836596644582E+003 -0.178505886357651E+001  0.826519250847599E+001 -0.329749597549723E+000  0.996194698100000E+000  0.647900560122130E-002 -0.869145900986017E-001  0.000000000000000E+000  0.997233084201595E+000  0.743382524261514E-001  0.871557427000000E-001 -0.740553729329515E-001  0.993438311251540E+000 -0.239684444362860E+000 -0.155884874765384E-002  0.209116503777236E-001
  0.168750000000000E+000 -0.649829715992092E+001 -0.649149524853140E+000  0.182854009843883E+003 -0.168539787651179E+001  0.826443408931439E+001 -0.309841978280986E+000  0.996194698100000E+000  0.662959698228679E-002 -0.869032331357186E-001  0.000000000000000E+000  0.997102777666062E+000  0.760660947507110E-001  0.871557427000000E-001 -0.757766402958305E-001  0.993308500571714E+000 -0.239684444362860E+000 -0.159508103393820E-002  0.209089178924539E-001
  0.175000000000000E+000 -0.649890337766356E+001 -0.605149940730383E+000  0.182869139224465E+003 -0.158313752602091E+001  0.826380642829049E+001 -0.289451715817832E+000  0.996194698100000E+000  0.676996717925818E-002 -0.868924106581258E-001  0.000000000000000E+000  0.996978603661486E+000  0.776766621398796E-001  0.871557427000000E-001 -0.773810789898531E-001  0.993184799086714E+000 -0.239684444362860E+000 -0.162885410332952E-002  0.209063140043451E-001
  0.181250000000000E+000 -0.649938587476009E+001 -0.560210286141940E+000  0.182882349534750E+003 -0.147843626751235E+001  0.826328712428871E+001 -0.268610659180792E+000  0.996194698100000E+000  0.689990323302709E-002 -0.868821893195807E-001  0.000000000000000E+000  0.996861326953969E+000  0.791675111619133E-001  0.871557427000000E-001 -0.788662548812706E-001  0.993067968652475E+000 -0.239684444362860E+000 -0.166011671786632E-002  0.209038547502911E-001
  0.187500000000000E+000 -0.649977524301026E+001 -0.514398962671925E+000  0.182893928232167E+003 -0.137144959257636E+001  0.826285636030664E+001 -0.247350252769621E+000  0.996194698100000E+000  0.701920820849137E-002 -0.868726320639271E-001  0.000000000000000E+000  0.996751669743124E+000  0.805363822399206E-001  0.871557427000000E-001 -0.802299169915639E-001  0.992958728720422E+000 -0.239684444362860E+000 -0.168882149496302E-002  0.209015552745809E-001
  0.193750000000000E+000 -0.650009475166642E+001 -0.467789157534141E+000  0.182904151813892E+003 -0.126233277781789E+001  0.826249029402885E+001 -0.225704325240047E+000  0.996194698100000E+000  0.712770145087787E-002 -0.868637977388495E-001  0.000000000000000E+000  0.996650307230409E+000  0.817812025928370E-001  0.871557427000000E-001 -0.814700004272262E-001  0.992857751922670E+000 -0.239684444362860E+000 -0.171492496908122E-002  0.208994297359672E-001
  0.200000000000000E+000 -0.650036511325552E+001 -0.420454957974746E+000  0.182913191981703E+003 -0.115126860891872E+001  0.826218024611895E+001 -0.203707803179775E+000  0.996194698100000E+000  0.722521881851957E-002 -0.868557407349285E-001  0.000000000000000E+000  0.996557863477750E+000  0.829000889062423E-001  0.871557427000000E-001 -0.825846290404172E-001  0.992765659946398E+000 -0.239684444362860E+000 -0.173838764773581E-002  0.208974912208238E-001
  0.206250000000000E+000 -0.650060503356443E+001 -0.372469456986466E+000  0.182921207315689E+003 -0.103842883837048E+001  0.826191971004921E+001 -0.181394873852877E+000  0.996194698100000E+000  0.731161289236135E-002 -0.868485106521744E-001  0.000000000000000E+000  0.996474907581442E+000  0.838913497361701E-001  0.871557427000000E-001 -0.835721178236255E-001  0.992683019722320E+000 -0.239684444362860E+000 -0.175917406190214E-002  0.208957516629132E-001
  0.212500000000000E+000 -0.650083013282828E+001 -0.323907309574176E+000  0.182928348271141E+003 -0.923985381735388E+000  0.826169947830035E+001 -0.158800286173663E+000  0.996194698100000E+000  0.738675316247416E-002 -0.868421519960513E-001  0.000000000000000E+000  0.996401950184418E+000  0.847534876491181E-001  0.871557427000000E-001 -0.844309750415353E-001  0.992610339950217E+000 -0.239684444362860E+000 -0.177725281089128E-002  0.208942217702499E-001
  0.218750000000000E+000 -0.650105401031986E+001 -0.274843973474111E+000  0.182934731387207E+003 -0.808116615882714E+000  0.826151421204133E+001 -0.135959322461085E+000  0.996194698100000E+000  0.745052619185407E-002 -0.868367039048184E-001  0.000000000000000E+000  0.996339440347840E+000  0.854852011014309E-001  0.871557427000000E-001 -0.851599041032577E-001  0.992548067982440E+000 -0.239684444362860E+000 -0.179259660176009E-002  0.208929109594993E-001
  0.225000000000000E+000 -0.650128798225720E+001 -0.225355077643726E+000  0.182940462510823E+003 -0.691002081776678E+000  0.826135757292351E+001 -0.112907309394964E+000  0.996194698100000E+000  0.750283575777087E-002 -0.868321999098291E-001  0.000000000000000E+000  0.996287762800845E+000  0.860853860610940E-001  0.871557427000000E-001 -0.857578051779535E-001  0.992496587084112E+000 -0.239684444362860E+000 -0.180518228331967E-002  0.208918272983049E-001
  0.231250000000000E+000 -0.650154147352073E+001 -0.175517200011111E+000  0.182945626426186E+003 -0.572819954572040E+000  0.826122530758987E+001 -0.896798835863670E-001  0.996194698100000E+000  0.754360297091237E-002 -0.868286677302252E-001  0.000000000000000E+000  0.996247235584915E+000  0.865531373747604E-001  0.871557427000000E-001 -0.862237765566573E-001  0.992456214086474E+000 -0.239684444362860E+000 -0.181499087480152E-002  0.208909774558922E-001
  0.237500000000000E+000 -0.650182239716522E+001 -0.125407738677925E+000  0.182950294312509E+003 -0.453753811844368E+000  0.826111324567523E+001 -0.663130609526094E-001  0.996194698100000E+000  0.757276637254409E-002 -0.868261291032571E-001  0.000000000000000E+000  0.996218108107030E+000  0.868877498825340E-001  0.871557427000000E-001 -0.865571157628193E-001  0.992427197447436E+000 -0.239684444362860E+000 -0.182200758923411E-002  0.208903666622437E-001
  0.243750000000000E+000 -0.650213918380595E+001 -0.751027811515732E-001  0.182954516401674E+003 -0.333988201741129E+000  0.826102336516683E+001 -0.428427106886581E-001  0.996194698100000E+000  0.759028200987299E-002 -0.868245996512463E-001  0.000000000000000E+000  0.996200559613226E+000  0.870887192826709E-001  0.871557427000000E-001 -0.867573204137160E-001  0.992409715730948E+000 -0.239684444362860E+000 -0.182622185157544E-002  0.208899986760899E-001
  0.250000000000000E+000 -0.650249722507414E+001 -0.246809006555150E-001  0.182958371234629E+003 -0.213701880002154E+000  0.826094796710986E+001 -0.193052113980674E-001  0.996194698100000E+000  0.759612348976690E-002 -0.868240887859862E-001  0.000000000000000E+000  0.996194698091721E+000  0.871557427479406E-001  0.871557427000000E-001 -0.868240888344659E-001  0.992403876514303E+000 -0.239684444362860E+000 -0.182762731163792E-002  0.208898757619083E-001
  0.256250000000000E+000 -0.650290070674510E+001  0.257797372535002E-001  0.182961898025749E+003 -0.930858485266940E-001  0.826088591734644E+001  0.426278344874849E-002  0.996194698100000E+000  0.759028201094084E-002 -0.868245996511530E-001  0.000000000000000E+000  0.996200559612155E+000  0.870887192949230E-001  0.871557427000000E-001 -0.867573204259215E-001  0.992409715729882E+000 -0.239684444362860E+000 -0.182622185183237E-002  0.208899986760674E-001
  0.262500000000000E+000 -0.650335291017855E+001  0.762013570860268E-001  0.182965136460667E+003  0.276751874290878E-001  0.826083518058674E+001  0.278249420061001E-001  0.996194698100000E+000  0.757276637467817E-002 -0.868261291030710E-001  0.000000000000000E+000  0.996218108104894E+000  0.868877499070198E-001  0.871557427000000E-001 -0.865571157872119E-001  0.992427197445308E+000 -0.239684444362860E+000 -0.182200758974757E-002  0.208903666621989E-001
  0.268750000000000E+000 -0.650385603486050E+001  0.126506290974121E+000  0.182968120326145E+003  0.148395030957376E+000  0.826079394692398E+001  0.513448667531684E-001  0.996194698100000E+000  0.754360297410947E-002 -0.868286677299474E-001  0.000000000000000E+000  0.996247235581728E+000  0.865531374114430E-001  0.871557427000000E-001 -0.862237765932003E-001  0.992456214083300E+000 -0.239684444362860E+000 -0.181499087557074E-002  0.208909774558253E-001
  0.275000000000000E+000 -0.650471993058511E+001  0.176618457669839E+000  0.182968885274834E+003  0.268886443942343E+000  0.826147085716955E+001  0.747872303702822E-001  0.996194698100000E+000  0.750283576202617E-002 -0.868321999094614E-001  0.000000000000000E+000  0.996287762796626E+000  0.860853861099180E-001  0.871557427000000E-001 -0.857578052265917E-001  0.992496587079909E+000 -0.239684444362860E+000 -0.180518228434350E-002  0.208918272982164E-001
  0.281250000000000E+000 -0.650882081676667E+001  0.226476761138180E+000  0.182953395136962E+003  0.388852009052610E+000  0.826891507909786E+001  0.981304646485924E-001  0.996194698100000E+000  0.745052619716115E-002 -0.868367039043630E-001  0.000000000000000E+000  0.996339440342616E+000  0.854852011623228E-001  0.871557427000000E-001 -0.851599041639180E-001  0.992548067977235E+000 -0.239684444362860E+000 -0.179259660303697E-002  0.208929109593897E-001
  0.287500000000000E+000 -0.651240582745506E+001  0.276024348933577E+000  0.182987082269025E+003  0.508239030748732E+000  0.826920375071808E+001  0.121327062343494E+000  0.996194698100000E+000  0.738675316882502E-002 -0.868421519955111E-001  0.000000000000000E+000  0.996401950178220E+000  0.847534877219860E-001  0.871557427000000E-001 -0.844309751141260E-001  0.992610339944043E+000 -0.239684444362860E+000 -0.177725281241930E-002  0.208942217701200E-001
  0.293750000000000E+000 -0.651443709071466E+001  0.325182000102920E+000  0.183020010951590E+003  0.626946745810063E+000  0.826632659527296E+001  0.144337095382903E+000  0.996194698100000E+000  0.731161289974641E-002 -0.868485106515527E-001  0.000000000000000E+000  0.996474907574309E+000  0.838913498209041E-001  0.871557427000000E-001 -0.835721179080370E-001  0.992683019715214E+000 -0.239684444362860E+000 -0.175917406367899E-002  0.208957516627636E-001
  0.300000000000000E+000 -0.651589018957583E+001  0.373778888163199E+000  0.183035629673814E+003  0.744691930309210E+000  0.826471614627583E+001  0.167118666021759E+000  0.996194698100000E+000  0.722521882692767E-002 -0.868557407342290E-001  0.000000000000000E+000  0.996557863469725E+000  0.829000890027143E-001  0.871557427000000E-001 -0.825846291365221E-001  0.992765659938403E+000 -0.239684444362860E+000 -0.173838764975880E-002  0.208974912206555E-001
  0.306250000000000E+000 -0.651706681940048E+001  0.421791117283627E+000  0.183045683403114E+003  0.861294097798406E+000  0.826367503715822E+001  0.189641022935762E+000  0.996194698100000E+000  0.712770146029630E-002 -0.868637977380767E-001  0.000000000000000E+000  0.996650307221542E+000  0.817812027009014E-001  0.871557427000000E-001 -0.814700005348793E-001  0.992857751913836E+000 -0.239684444362860E+000 -0.171492497134729E-002  0.208994297357812E-001
  0.312500000000000E+000 -0.651810059459567E+001  0.469148452483960E+000  0.183052125073253E+003  0.976572683296939E+000  0.826299622376475E+001  0.211869900399833E+000  0.996194698100000E+000  0.701920821890589E-002 -0.868726320630856E-001  0.000000000000000E+000  0.996751669733469E+000  0.805363823594139E-001  0.871557427000000E-001 -0.802299171106025E-001  0.992958728710804E+000 -0.239684444362860E+000 -0.168882149746876E-002  0.209015552743784E-001
  0.318750000000000E+000 -0.651906037475636E+001  0.515779163900007E+000  0.183056362242106E+003  0.109034472365944E+001  0.826254758138668E+001  0.233771331570396E+000  0.996194698100000E+000  0.689990324442195E-002 -0.868821893186758E-001  0.000000000000000E+000  0.996861326943586E+000  0.791675112926546E-001  0.871557427000000E-001 -0.788662550115144E-001  0.993067968642131E+000 -0.239684444362860E+000 -0.166011672060792E-002  0.209038547500734E-001
  0.325000000000000E+000 -0.652000017075291E+001  0.561611333969841E+000  0.183059081156781E+003  0.120244036866939E+001  0.826228232877110E+001  0.255311280643315E+000  0.996194698100000E+000  0.676996719161610E-002 -0.868924106571629E-001  0.000000000000000E+000  0.996978603650439E+000  0.776766622816709E-001  0.871557427000000E-001 -0.773810791311048E-001  0.993184799075709E+000 -0.239684444362860E+000 -0.162885410630283E-002  0.209063140041134E-001
  0.331250000000000E+000 -0.652092728182994E+001  0.606577655635162E+000  0.183061078371764E+003  0.131267264148825E+001  0.826208666449540E+001  0.276457200477509E+000  0.996194698100000E+000  0.662959699558903E-002 -0.869032331347038E-001  0.000000000000000E+000  0.997102777654418E+000  0.760660949033371E-001  0.871557427000000E-001 -0.757766404478759E-001  0.993308500560115E+000 -0.239684444362860E+000 -0.159508103713872E-002  0.209089178922097E-001
  0.337500000000000E+000 -0.652185714279141E+001  0.650608570481783E+000  0.183062408179931E+003  0.142088799926064E+001  0.826195878406791E+001  0.297176973774600E+000  0.996194698100000E+000  0.647900561544769E-002 -0.869145900975412E-001  0.000000000000000E+000  0.997233084189427E+000  0.743382525893809E-001  0.871557427000000E-001 -0.740553730955598E-001  0.993438311239419E+000 -0.239684444362860E+000 -0.155884875107671E-002  0.209116503774684E-001
  0.343750000000000E+000 -0.652279669407796E+001  0.693634875983153E+000  0.183063322382345E+003  0.152691330514178E+001  0.826187518579015E+001  0.317438215206418E+000  0.996194698100000E+000  0.631842175417704E-002 -0.869264115912129E-001  0.000000000000000E+000  0.997368720618026E+000  0.724957594122716E-001  0.871557427000000E-001 -0.722198911612381E-001  0.993573431530458E+000 -0.239684444362860E+000 -0.152021227405500E-002  0.209144946288458E-001
  0.350000000000000E+000 -0.652374796271280E+001  0.735590290596235E+000  0.183063954590121E+003  0.163058245504729E+001  0.826181783955739E+001  0.337209343589242E+000  0.996194698100000E+000  0.614808955447066E-002 -0.869386247902439E-001  0.000000000000000E+000  0.997508851361597E+000  0.705414165952677E-001  0.871557427000000E-001 -0.702729852086691E-001  0.993713029034244E+000 -0.239684444362860E+000 -0.147923034680564E-002  0.209174331245327E-001
  0.356250000000000E+000 -0.652470991128207E+001  0.776410963720175E+000  0.183064375184630E+003  0.173173029463461E+001  0.826178444507776E+001  0.356459664809727E+000  0.996194698100000E+000  0.596826827031766E-002 -0.869511544457123E-001  0.000000000000000E+000  0.997652613035588E+000  0.684781987442998E-001  0.871557427000000E-001 -0.682176185245096E-001  0.993856243651663E+000 -0.239684444362860E+000 -0.143596534583843E-002  0.209204477596384E-001
  0.362500000000000E+000 -0.652568026794715E+001  0.816035044738321E+000  0.183064654523097E+003  0.183020952177762E+001  0.826176580449646E+001  0.375160619323210E+000  0.996194698100000E+000  0.577923191418708E-002 -0.869639233479645E-001  0.000000000000000E+000  0.997799119758571E+000  0.663092497998652E-001  0.871557427000000E-001 -0.660569230856142E-001  0.994002192872335E+000 -0.239684444362860E+000 -0.139048319855341E-002  0.209235199575203E-001
  0.368750000000000E+000 -0.652665576841715E+001  0.854400212346760E+000  0.183064841368406E+003  0.192587353735118E+001  0.826175172567927E+001  0.393283537524138E+000  0.996194698100000E+000  0.558126887970320E-002 -0.869768528016567E-001  0.000000000000000E+000  0.997947468602740E+000  0.640378787077125E-001  0.871557427000000E-001 -0.637941952461940E-001  0.994149977204366E+000 -0.239684444362860E+000 -0.134285329245659E-002  0.209266307840786E-001
  0.375000000000000E+000 -0.652763293826095E+001  0.891448216627358E+000  0.183064939000597E+003  0.201856399741943E+001  0.826174346484357E+001  0.410800042230285E+000  0.996194698100000E+000  0.537468153976690E-002 -0.869898631102193E-001  0.000000000000000E+000  0.998096745152506E+000  0.616675548078016E-001  0.871557427000000E-001 -0.614328911443231E-001  0.994298685711794E+000 -0.239684444362860E+000 -0.129314837846792E-002  0.209297610643188E-001
  0.381250000000000E+000 -0.652860700883849E+001  0.927122860199292E+000  0.183064972921065E+003  0.210814303973159E+001  0.826174529141442E+001  0.427683421427491E+000  0.996194698100000E+000  0.515978582014917E-002 -0.870028740667732E-001  0.000000000000000E+000  0.998246029137139E+000  0.592019029418376E-001  0.871557427000000E-001 -0.589766218280894E-001  0.994447401625796E+000 -0.239684444362860E+000 -0.124144446832789E-002  0.209328915004656E-001
  0.387500000000000E+000 -0.652957149237008E+001  0.961367190131186E+000  0.183064987246746E+003  0.219447840543378E+001  0.826174367877090E+001  0.443907193864113E+000  0.996194698100000E+000  0.493691074866103E-002 -0.870158054484837E-001  0.000000000000000E+000  0.998394400102836E+000  0.566446982805762E-001  0.871557427000000E-001 -0.564291481025842E-001  0.994595207995176E+000 -0.239684444362860E+000 -0.118782072612784E-002  0.209360027909052E-001
  0.393750000000000E+000 -0.653052146156257E+001  0.994128851429814E+000  0.183064950619994E+003  0.227742433666719E+001  0.826174665286885E+001  0.459446053218789E+000  0.996194698100000E+000  0.470639798009099E-002 -0.870285775113072E-001  0.000000000000000E+000  0.998540943089309E+000  0.539998608730919E-001  0.871557427000000E-001 -0.537943750999118E-001  0.994741193341344E+000 -0.239684444362860E+000 -0.113235935400989E-002  0.209390757492205E-001
  0.400000000000000E+000 -0.653145166856351E+001  0.102535796455757E+001  0.183064886387020E+003  0.235685946760920E+001  0.826175176566818E+001  0.474276662689481E+000  0.996194698100000E+000  0.446860129719380E-002 -0.870411114820768E-001  0.000000000000000E+000  0.998684754275828E+000  0.512714499212661E-001  0.871557427000000E-001 -0.510763465754650E-001  0.994884457282881E+000 -0.239684444362860E+000 -0.107514547210483E-002  0.209420914225877E-001
  0.406250000000000E+000 -0.653235683653465E+001  0.105500489854547E+001  0.183064795937145E+003  0.243265905016596E+001  0.826175852710924E+001  0.488375842913664E+000  0.996194698100000E+000  0.422388608811318E-002 -0.870533300448825E-001  0.000000000000000E+000  0.998824946561812E+000  0.484636577838855E-001  0.871557427000000E-001 -0.482792389348396E-001  0.995024116094893E+000 -0.239684444362860E+000 -0.101626699280003E-002  0.209450312087987E-001
  0.412500000000000E+000 -0.653324236928605E+001  0.108302972837747E+001  0.183064616444234E+003  0.250470729632281E+001  0.826179014350272E+001  0.501723065435341E+000  0.996194698100000E+000  0.397262880072501E-002 -0.870651578187294E-001  0.000000000000000E+000  0.998960655047340E+000  0.455808037159324E-001  0.871557427000000E-001 -0.454073549969486E-001  0.995159308168663E+000 -0.239684444362860E+000 -0.955814489454437E-003  0.209478769711863E-001
  0.418750000000000E+000 -0.653408207858566E+001  0.110937751745607E+001  0.183064638261493E+003  0.257290122035129E+001  0.826177965761085E+001  0.514294932777531E+000  0.996194698100000E+000  0.371521637449474E-002 -0.870765218235047E-001  0.000000000000000E+000  0.999091042379525E+000  0.426273273498791E-001  0.871557427000000E-001 -0.424651175001227E-001  0.995289199337685E+000 -0.239684444362860E+000 -0.893881059703434E-003  0.209506111507352E-001
  0.425000000000000E+000 -0.653487807749544E+001  0.113401284338023E+001  0.183064504707979E+003  0.263711096785605E+001  0.826178316962883E+001  0.526071917304948E+000  0.996194698100000E+000  0.345204565055280E-002 -0.870873519313517E-001  0.000000000000000E+000  0.999215303931449E+000  0.396077819270629E-001  0.871557427000000E-001 -0.394570623592410E-001  0.995412988036890E+000 -0.239684444362860E+000 -0.830562183523004E-003  0.209532168746832E-001
  0.431250000000000E+000 -0.653562705690255E+001  0.115689693633196E+001  0.183064338930847E+003  0.269724635366636E+001  0.826179156666605E+001  0.537036257697181E+000  0.996194698100000E+000  0.318352276080315E-002 -0.870975813006311E-001  0.000000000000000E+000  0.999332672781310E+000  0.365268272884920E-001  0.871557427000000E-001 -0.363878316832101E-001  0.995529910262843E+000 -0.239684444362860E+000 -0.765955576249237E-003  0.209556780609319E-001
  0.437500000000000E+000 -0.653632738572476E+001  0.117800147266450E+001  0.183064140993728E+003  0.275321208750274E+001  0.826180773008226E+001  0.547173599555910E+000  0.996194698100000E+000  0.291006249699149E-002 -0.871071467897566E-001  0.000000000000000E+000  0.999442424460650E+000  0.333892226357161E-001  0.871557427000000E-001 -0.332621665633809E-001  0.995639244303910E+000 -0.239684444362860E+000 -0.700161036776152E-003  0.209579795176154E-001
  0.443750000000000E+000 -0.653697514064503E+001  0.119729338604793E+001  0.183063961861461E+003  0.280495634187830E+001  0.826181760075177E+001  0.556469732679898E+000  0.996194698100000E+000  0.263208766077014E-002 -0.871159893483086E-001  0.000000000000000E+000  0.999543881441890E+000  0.301998190736563E-001  0.871557427000000E-001 -0.300848996447557E-001  0.995740315210705E+000 -0.239684444362860E+000 -0.633280291181297E-003  0.209601070372031E-001
  0.450000000000000E+000 -0.653756569038818E+001  0.121474055150248E+001  0.183063786986754E+003  0.285238560950761E+001  0.826182542623831E+001  0.564908986328456E+000  0.996194698100000E+000  0.235002839590418E-002 -0.871240543829719E-001  0.000000000000000E+000  0.999636417336983E+000  0.269635519485302E-001  0.871557427000000E-001 -0.268609474930697E-001  0.995832498978781E+000 -0.239684444362860E+000 -0.565416832054545E-003  0.209620474845430E-001
  0.456250000000000E+000 -0.653809515690033E+001  0.123031576707468E+001  0.183063619866968E+003  0.289542169977584E+001  0.826183137459740E+001  0.572477952927893E+000  0.996194698100000E+000  0.206432150386776E-002 -0.871312920959931E-001  0.000000000000000E+000  0.999719460780788E+000  0.236854329952002E-001  0.871557427000000E-001 -0.235953027720212E-001  0.995915226417212E+000 -0.239684444362860E+000 -0.496675753830583E-003  0.209637888782959E-001
  0.462500000000000E+000 -0.653855997564792E+001  0.124399326987647E+001  0.183063459135438E+003  0.293399805399745E+001  0.826183472122061E+001  0.579164170089077E+000  0.996194698100000E+000  0.177540974417878E-002 -0.871376577940266E-001  0.000000000000000E+000  0.999792498974672E+000  0.203705423094144E-001  0.871557427000000E-001 -0.202930262460603E-001  0.995987986678718E+000 -0.239684444362860E+000 -0.427163584449415E-003  0.209653204652428E-001
  0.468750000000000E+000 -0.653895724864572E+001  0.125575264606457E+001  0.183063301481188E+003  0.296804604058321E+001  0.826183759981431E+001  0.584957269445269E+000  0.996194698100000E+000  0.148374112091296E-002 -0.871431121654185E-001  0.000000000000000E+000  0.999855080867993E+000  0.170240201614731E-001  0.871557427000000E-001 -0.169592386252070E-001  0.996050330429042E+000 -0.239684444362860E+000 -0.356988113691658E-003  0.209666327869997E-001
  0.475000000000000E+000 -0.653928533461015E+001  0.126557545288807E+001  0.183063144962323E+003  0.299752142711988E+001  0.826184088070046E+001  0.589848078593667E+000  0.996194698100000E+000  0.118976815692446E-002 -0.871476215241780E-001  0.000000000000000E+000  0.999906819957350E+000  0.136510586688450E-001  0.871557427000000E-001 -0.135991122693555E-001  0.996101872635543E+000 -0.239684444362860E+000 -0.286258218556026E-003  0.209677177387172E-001
  0.481250000000000E+000 -0.653954180572113E+001  0.127344622771362E+001  0.183063006343126E+003  0.302237191556332E+001  0.826184281212787E+001  0.593829362964612E+000  0.996194698100000E+000  0.893947157377650E-003 -0.871511580190901E-001  0.000000000000000E+000  0.999947396685889E+000  0.102568933461415E-001  0.871557427000000E-001 -0.102178627704033E-001  0.996142294957380E+000 -0.239684444362860E+000 -0.215083686065063E-003  0.209685686193931E-001
  0.487500000000000E+000 -0.653972337910823E+001  0.127935079714038E+001  0.183062872428850E+003  0.304256477460818E+001  0.826184198495270E+001  0.596893319074866E+000  0.996194698100000E+000  0.596737464262933E-003 -0.871536998066482E-001  0.000000000000000E+000  0.999976560427477E+000  0.684679455164499E-002  0.871557427000000E-001 -0.682074043132871E-002  0.996171347722127E+000 -0.239684444362860E+000 -0.143575033901662E-003  0.209691801734796E-001
  0.493750000000000E+000 -0.653982909343097E+001  0.128328124470599E+001  0.183062730164907E+003  0.305804754720594E+001  0.826184858672310E+001  0.599035267519332E+000  0.996194698100000E+000  0.298600703627989E-003 -0.871552311867073E-001  0.000000000000000E+000  0.999994131043155E+000  0.342605885025622E-002  0.871557427000000E-001 -0.341302166200383E-002  0.996188851476308E+000 -0.239684444362860E+000 -0.718433292928942E-004  0.209695486235218E-001
  0.500000000000000E+000 -0.653985880457761E+001  0.128523021874532E+001  0.183062604182803E+003  0.306881498020220E+001  0.826185431823945E+001  0.600252665328239E+000  0.996194698100000E+000  0.273031521968130E-010 -0.871557427000000E-001  0.000000000000000E+000  0.100000000000000E+001  0.313268539180414E-009  0.871557427000000E-001 -0.312076457813060E-009  0.996194698100000E+000 -0.239684444362860E+000 -0.656913841855321E-011  0.209696716936200E-001
  0.506250000000000E+000 -0.653981307800269E+001  0.128520059729069E+001  0.183062501476041E+003  0.307483435089687E+001  0.826185309174052E+001  0.600545516619039E+000  0.996194698100000E+000 -0.298600649064104E-003 -0.871552311868942E-001  0.000000000000000E+000  0.999994131045300E+000 -0.342605822420585E-002  0.871557427000000E-001  0.341302103833577E-002  0.996188851478444E+000 -0.239684444362860E+000  0.718433161648235E-004  0.209695486235668E-001
  0.512500000000000E+000 -0.653969305351515E+001  0.128319198744420E+001  0.183062395148649E+003  0.307613206105768E+001  0.826185062847821E+001  0.599914493258914E+000  0.996194698100000E+000 -0.596737409826244E-003 -0.871536998070209E-001  0.000000000000000E+000  0.999976560431754E+000 -0.684679392705404E-002  0.871557427000000E-001  0.682073980911451E-002  0.996171347726387E+000 -0.239684444362860E+000  0.143575020804194E-003  0.209691801735692E-001
  0.518750000000000E+000 -0.653949876871905E+001  0.127920435092337E+001  0.183062300968532E+003  0.307269247171470E+001  0.826184418699005E+001  0.598358572070870E+000  0.996194698100000E+000 -0.893947103152708E-003 -0.871511580196463E-001  0.000000000000000E+000  0.999947396692270E+000 -0.102568927239801E-001  0.871557427000000E-001  0.102178621506094E-001  0.996142294963737E+000 -0.239684444362860E+000  0.215083673018541E-003  0.209685686195269E-001
  0.525000000000000E+000 -0.653923126819562E+001  0.127324315116052E+001  0.183062209366347E+003  0.306451003803612E+001  0.826183884001894E+001  0.595879583278814E+000  0.996194698100000E+000 -0.118976810299548E-002 -0.871476215249142E-001  0.000000000000000E+000  0.999906819965797E+000 -0.136510580500794E-001  0.871557427000000E-001  0.135991116529444E-001  0.996101872643959E+000 -0.239684444362860E+000  0.286258205580713E-003  0.209677177388944E-001
  0.531250000000000E+000 -0.653889194105520E+001  0.126531822186993E+001  0.183062139753607E+003  0.305160060870713E+001  0.826182952384055E+001  0.592480754431524E+000  0.996194698100000E+000 -0.148374106736366E-002 -0.871431121663303E-001  0.000000000000000E+000  0.999855080878455E+000 -0.170240195470638E-001  0.871557427000000E-001  0.169592380131357E-001  0.996050330439463E+000 -0.239684444362860E+000  0.356988100807697E-003  0.209666327872191E-001
  0.537500000000000E+000 -0.653848356277779E+001  0.125544083046662E+001  0.183062069714509E+003  0.303397940346490E+001  0.826181974372311E+001  0.588167132483059E+000  0.996194698100000E+000 -0.177540969109227E-002 -0.871376577951082E-001  0.000000000000000E+000  0.999792498987083E+000 -0.203705417003150E-001  0.871557427000000E-001  0.202930256392787E-001  0.995987986691081E+000 -0.239684444362860E+000  0.427163571676801E-003  0.209653204655030E-001
