 # Integral loads: N.components: 1
 #                 Ref.sys     : MomentRef
 #                 Components  : wing
 #  t , Fx , Fy , Fz , Mx , My , Mz , ref_mat(9) , ref_off(3) 
  0.000000000000000E+000 -0.114577695725237E+001 -0.196793089520116E+001  0.595511600810191E+003 -0.466002084571730E+001  0.191472579899244E+001 -0.944935228416567E+000  0.984807753000000E+000  0.000000000000000E+000 -0.173648177000000E+000  0.000000000000000E+000  0.100000000000000E+001  0.000000000000000E+000  0.173648177000000E+000  0.000000000000000E+000  0.984807753000000E+000 -0.236944745371800E+000  0.000000000000000E+000  0.417797513862000E-001
  0.625000000000000E-002 -0.336857080971019E+002 -0.201669542824451E+001  0.343041578679357E+003 -0.306581829199695E+001  0.918339149556134E+001 -0.957727299745597E+000  0.984807753000000E+000  0.000000000000000E+000 -0.173648177000000E+000  0.594928819947919E-003  0.999994131044214E+000  0.337400901345398E-002  0.173647157866527E+000 -0.342605854104601E-002  0.984801973206840E+000 -0.236944745371800E+000  0.000000000000000E+000  0.417797513862000E-001
  0.125000000000000E-001 -0.353221940589207E+002 -0.213584887347160E+001  0.335687626170078E+003 -0.311645833739936E+001  0.124799222616638E+002 -0.102677767874537E+001  0.984807753000000E+000  0.000000000000000E+000 -0.173648177000000E+000  0.118893333927897E-002  0.999976560429563E+000  0.674277605760358E-002  0.173644106761324E+000 -0.684679424696160E-002  0.984784669529307E+000 -0.236944745371800E+000  0.000000000000000E+000  0.417797513862000E-001
  0.187500000000000E-001 -0.373891897254498E+002 -0.222421151111464E+001  0.347634091938354E+003 -0.325769720728846E+001  0.130745855267567E+002 -0.108199471553846E+001  0.984807753000000E+000  0.000000000000000E+000 -0.173648177000000E+000  0.178109077919733E-002  0.999947396688963E+000  0.101010677938205E-001  0.173639042530934E+000 -0.102568930464345E-001  0.984755948851457E+000 -0.236944745371800E+000  0.000000000000000E+000  0.417797513862000E-001
  0.250000000000000E-001 -0.390609191708942E+002 -0.226611491335049E+001  0.355109738581539E+003 -0.334966118158832E+001  0.130563602269085E+002 -0.111267281916891E+001  0.984807753000000E+000  0.000000000000000E+000 -0.173648177000000E+000  0.237048140086022E-002  0.999906819961368E+000  0.134436681239069E-001  0.173631996456159E+000 -0.136510583745444E-001  0.984715988575530E+000 -0.236944745371800E+000  0.000000000000000E+000  0.417797513862000E-001
  0.312500000000000E-001 -0.403299596335477E+002 -0.227929459777161E+001  0.360472703055904E+003 -0.342530981577215E+001  0.130573410357682E+002 -0.112662720678991E+001  0.984807753000000E+000  0.000000000000000E+000 -0.173648177000000E+000  0.295619001615622E-002  0.999855080872905E+000  0.167653867581451E-001  0.173623012057768E+000 -0.170240198729885E-001  0.984665035520079E+000 -0.236944745371800E+000  0.000000000000000E+000  0.417797513862000E-001
  0.375000000000000E-001 -0.412897179586508E+002 -0.227699530122265E+001  0.364343587152749E+003 -0.350255661773987E+001  0.130654560926806E+002 -0.113162049061447E+001  0.984807753000000E+000  0.000000000000000E+000 -0.173648177000000E+000  0.353730748751380E-002  0.999792498980424E+000  0.200610677211344E-001  0.173612144826225E+000 -0.203705420271346E-001  0.984603404387166E+000 -0.236944745371800E+000  0.000000000000000E+000  0.417797513862000E-001
  0.437500000000000E-001 -0.420090215069982E+002 -0.226490507245175E+001  0.367133560580255E+003 -0.358081441106660E+001  0.130797429136621E+002 -0.113119515683065E+001  0.984807753000000E+000  0.000000000000000E+000 -0.173648177000000E+000  0.411293221319604E-002  0.999719460787320E+000  0.233255977753162E-001  0.173599461877141E+000 -0.236854327194926E-001  0.984531475808333E+000 -0.236944745371800E+000  0.000000000000000E+000  0.417797513862000E-001
  0.500000000000000E-001 -0.425608217280313E+002 -0.224532829089521E+001  0.369284773081706E+003 -0.365574284149498E+001  0.130891908094360E+002 -0.112670363461530E+001  0.984807753000000E+000  0.000000000000000E+000 -0.173648177000000E+000  0.468217159463218E-002  0.999636417344233E+000  0.265539147426243E-001  0.173585041534637E+000 -0.269635516797402E-001  0.984449693981745E+000 -0.236944745371800E+000  0.000000000000000E+000  0.417797513862000E-001
  0.562500000000000E-001 -0.429848179181045E+002 -0.221816251723026E+001  0.370903486981443E+003 -0.372491512719099E+001  0.130996458974962E+002 -0.111824925692625E+001  0.984807753000000E+000  0.000000000000000E+000 -0.173648177000000E+000  0.524414348245272E-002  0.999543881449792E+000  0.297410157053584E-001  0.173568972845260E+000 -0.301998188121072E-001  0.984358563915468E+000 -0.236944745371800E+000  0.000000000000000E+000  0.417797513862000E-001
  0.625000000000000E-001 -0.433105031389061E+002 -0.218415573816528E+001  0.372138381805313E+003 -0.378378168283549E+001  0.131084637160662E+002 -0.110584527933740E+001  0.984807753000000E+000  0.000000000000000E+000 -0.173648177000000E+000  0.579797759803124E-002  0.999442424469136E+000  0.328819650681475E-001  0.173551355025526E+000 -0.333892223817083E-001  0.984258648294322E+000 -0.236944745371800E+000  0.000000000000000E+000  0.417797513862000E-001
  0.687500000000000E-001 -0.435629070256303E+002 -0.214576916918945E+001  0.373090711081946E+003 -0.384259258405186E+001  0.131151506734536E+002 -0.109157339899429E+001  0.984807753000000E+000  0.000000000000000E+000 -0.173648177000000E+000  0.634281692749022E-002  0.999332672790308E+000  0.359719024637500E-001  0.173532296846575E+000 -0.365268270423030E-001  0.984150563990108E+000 -0.236944745371800E+000  0.000000000000000E+000  0.417797513862000E-001
  0.750000000000000E-001 -0.437602564107109E+002 -0.210158522048286E+001  0.373838797321926E+003 -0.389079758820779E+001  0.131205779453715E+002 -0.107405018301257E+001  0.984807753000000E+000  0.000000000000000E+000 -0.173648177000000E+000  0.687781908529961E-002  0.999215303940888E+000  0.390060504864064E-001  0.173511915959836E+000 -0.396077816889469E-001  0.984034978237238E+000 -0.236944745371800E+000  0.000000000000000E+000  0.417797513862000E-001
  0.812500000000000E-001 -0.439175223192919E+002 -0.205306124581374E+001  0.374441018263649E+003 -0.393271918760661E+001  0.131244944940980E+002 -0.105418890167567E+001  0.984807753000000E+000  0.000000000000000E+000 -0.173648177000000E+000  0.740215764478231E-002  0.999091042389330E+000  0.419797222375092E-001  0.173490338167937E+000 -0.426273271200671E-001  0.983912604497864E+000 -0.236944745371800E+000  0.000000000000000E+000  0.417797513862000E-001
  0.875000000000000E-001 -0.440413862936838E+002 -0.200028119921121E+001  0.374903631911284E+003 -0.396962753455260E+001  0.131288851622730E+002 -0.103229494577062E+001  0.984807753000000E+000  0.000000000000000E+000 -0.173648177000000E+000  0.791502343303799E-002  0.998960655057437E+000  0.448883286694826E-001  0.173467696645450E+000 -0.455808034946315E-001  0.983784198042523E+000 -0.236944745371800E+000  0.000000000000000E+000  0.417797513862000E-001
  0.937500000000000E-001 -0.441444517091215E+002 -0.194345929808732E+001  0.375311025142601E+003 -0.399748810015422E+001  0.131305219002593E+002 -0.100804106104783E+001  0.984807753000000E+000  0.000000000000000E+000 -0.173648177000000E+000  0.841562578800494E-002  0.998824946572128E+000  0.477273857149332E-001  0.173444131114372E+000 -0.484636575712795E-001  0.983650551274042E+000 -0.236944745371800E+000  0.000000000000000E+000  0.417797513862000E-001
  0.100000000000000E+000 -0.442259817931111E+002 -0.188204639763339E+001  0.375615458001073E+003 -0.401744525819821E+001  0.131333554066286E+002 -0.981426741245223E+000  0.984807753000000E+000  0.000000000000000E+000 -0.173648177000000E+000  0.890319377559363E-002  0.998684754286288E+000  0.504925211893584E-001  0.173419786979507E+000 -0.512714497175149E-001  0.983512488824037E+000 -0.236944745371800E+000  0.000000000000000E+000  0.417797513862000E-001
  0.106250000000000E+000 -0.442929802494155E+002 -0.181705375864603E+001  0.375875316019792E+003 -0.403293504080916E+001  0.131348885744889E+002 -0.953184216138060E+000  0.984807753000000E+000  0.000000000000000E+000 -0.173648177000000E+000  0.937697736504632E-002  0.998540943099841E+000  0.531794814569411E-001  0.173394814429148E+000 -0.539998606783319E-001  0.983370862452656E+000 -0.236944745371800E+000  0.000000000000000E+000  0.417797513862000E-001
  0.112500000000000E+000 -0.443418417386759E+002 -0.175083486537366E+001  0.376040632534313E+003 -0.404766700946493E+001  0.131393095535347E+002 -0.924452162338851E+000  0.984807753000000E+000  0.000000000000000E+000 -0.173648177000000E+000  0.983624856089829E-002  0.998394400113370E+000  0.557841378502219E-001  0.173369367506695E+000 -0.566446980949204E-001  0.983226545783430E+000 -0.236944745371800E+000  0.000000000000000E+000  0.417797513862000E-001
  0.118750000000000E+000 -0.443815995554007E+002 -0.168061124450795E+001  0.376192906647246E+003 -0.405099535578367E+001  0.131406261981502E+002 -0.893355489823395E+000  0.984807753000000E+000  0.000000000000000E+000 -0.173648177000000E+000  0.102803024901387E-001  0.998246029147604E+000  0.583024928356939E-001  0.173343603158970E+000 -0.592019027653755E-001  0.983080428906024E+000 -0.236944745371800E+000  0.000000000000000E+000  0.417797513862000E-001
  0.125000000000000E+000 -0.444150346401633E+002 -0.160763996951838E+001  0.376327035599024E+003 -0.404734709561949E+001  0.131410394130293E+002 -0.860657875417556E+000  0.984807753000000E+000  0.000000000000000E+000 -0.173648177000000E+000  0.107084584433880E-001  0.998096745162837E+000  0.607306859186135E-001  0.173317680267160E+000 -0.616675546405995E-001  0.982933412880427E+000 -0.236944745371800E+000  0.000000000000000E+000  0.417797513862000E-001
  0.131250000000000E+000 -0.444419300722341E+002 -0.153164676331629E+001  0.376431606459546E+003 -0.403708611899960E+001  0.131415887351378E+002 -0.826428519272950E+000  0.984807753000000E+000  0.000000000000000E+000 -0.173648177000000E+000  0.111200608691226E-001  0.997947468612872E+000  0.630649992815291E-001  0.173291758666390E+000 -0.640378785498139E-001  0.982786404176681E+000 -0.236944745371800E+000  0.000000000000000E+000  0.417797513862000E-001
  0.137500000000000E+000 -0.444593137803990E+002 -0.145524867496963E+001  0.376478749640120E+003 -0.402485401018056E+001  0.131450100187718E+002 -0.791898626591618E+000  0.984807753000000E+000  0.000000000000000E+000 -0.173648177000000E+000  0.115144803201846E-001  0.997799119768445E+000  0.653018631522039E-001  0.173265998159995E+000 -0.663092496512910E-001  0.982640309084540E+000 -0.236944745371800E+000  0.000000000000000E+000  0.417797513862000E-001
  0.143750000000000E+000 -0.444751819468075E+002 -0.137443329224395E+001  0.376547975549139E+003 -0.399990519292101E+001  0.131451403938624E+002 -0.754980163979614E+000  0.984807753000000E+000  0.000000000000000E+000 -0.173648177000000E+000  0.118911143520106E-001  0.997652613045146E+000  0.674378608977256E-001  0.173240557534576E+000 -0.684781986050486E-001  0.982496028127569E+000 -0.236944745371800E+000  0.000000000000000E+000  0.417797513862000E-001
  0.150000000000000E+000 -0.444906769549920E+002 -0.129260758826334E+001  0.376621625112013E+003 -0.397268865857896E+001  0.131436375261521E+002 -0.717550348328227E+000  0.984807753000000E+000  0.000000000000000E+000 -0.173648177000000E+000  0.122493883722000E-001  0.997508851370787E+000  0.694697338426453E-001  0.173215593581901E+000 -0.705414164653163E-001  0.982354450516076E+000 -0.236944745371800E+000  0.000000000000000E+000  0.417797513862000E-001
  0.156250000000000E+000 -0.445005935593742E+002 -0.120800589627125E+001  0.376653316610967E+003 -0.393862773016962E+001  0.131447834831528E+002 -0.678741750080355E+000  0.984807753000000E+000  0.000000000000000E+000 -0.173648177000000E+000  0.125887564412128E-001  0.997368720626799E+000  0.713943858099651E-001  0.173191260133666E+000 -0.724957592915752E-001  0.982216448672963E+000 -0.236944745371800E+000  0.000000000000000E+000  0.417797513862000E-001
  0.162500000000000E+000 -0.445067301428579E+002 -0.112016963087250E+001  0.376672455225280E+003 -0.389575442768280E+001  0.131458824158063E+002 -0.638128152564691E+000  0.984807753000000E+000  0.000000000000000E+000 -0.173648177000000E+000  0.129087020241486E-001  0.997233084197739E+000  0.732088873846818E-001  0.173167707115025E+000 -0.743382524778740E-001  0.982082872866036E+000 -0.236944745371800E+000  0.000000000000000E+000  0.417797513862000E-001
  0.168750000000000E+000 -0.445107063895637E+002 -0.103140514832653E+001  0.376686401861174E+003 -0.384990165633519E+001  0.131466413513157E+002 -0.596999130491715E+000  0.984807753000000E+000  0.000000000000000E+000 -0.173648177000000E+000  0.132087386936913E-001  0.997102777662230E+000  0.749104799003926E-001  0.173145079622683E+000 -0.760660948009338E-001  0.981954545979600E+000 -0.236944745371800E+000  0.000000000000000E+000  0.417797513862000E-001
  0.175000000000000E+000 -0.445151954963977E+002 -0.940873014185872E+000  0.376711883122750E+003 -0.379717832662212E+001  0.131462128747419E+002 -0.554813850130266E+000  0.984807753000000E+000  0.000000000000000E+000 -0.173648177000000E+000  0.134884107844371E-001  0.996978603657717E+000  0.764965791501655E-001  0.173123517033168E+000 -0.776766621882652E-001  0.981832258457233E+000 -0.236944745371800E+000  0.000000000000000E+000  0.417797513862000E-001
  0.181250000000000E+000 -0.445114123904511E+002 -0.846791167438498E+000  0.376669523025469E+003 -0.373329675372896E+001  0.131499715864299E+002 -0.510515759547783E+000  0.984807753000000E+000  0.000000000000000E+000 -0.173648177000000E+000  0.137472939989174E-001  0.996861326950299E+000  0.779647788234725E-001  0.173103152146720E+000 -0.791675112081215E-001  0.981716763446523E+000 -0.236944745371800E+000  0.000000000000000E+000  0.417797513862000E-001
  0.187500000000000E+000 -0.445091198613329E+002 -0.753210793874504E+000  0.376664937718346E+003 -0.366842077057547E+001  0.131504289078229E+002 -0.466324551501481E+000  0.984807753000000E+000  0.000000000000000E+000 -0.173648177000000E+000  0.139849959657239E-001  0.996751669739594E+000  0.793128536714707E-001  0.173084110371987E+000 -0.805363822836098E-001  0.981608772175248E+000 -0.236944745371800E+000  0.000000000000000E+000  0.417797513862000E-001
  0.193750000000000E+000 -0.445085360717885E+002 -0.658588978843114E+000  0.376670923680100E+003 -0.359684916226124E+001  0.131499741678838E+002 -0.421474247736341E+000  0.984807753000000E+000  0.000000000000000E+000 -0.173648177000000E+000  0.142011567502034E-001  0.996650307227059E+000  0.805387624032968E-001  0.173066508956469E+000 -0.817812026336645E-001  0.981508949587040E+000 -0.236944745371800E+000  0.000000000000000E+000  0.417797513862000E-001
  0.200000000000000E+000 -0.445082675474424E+002 -0.562961044306237E+000  0.376673351630747E+003 -0.351966221967828E+001  0.131498630107567E+002 -0.376014292029368E+000  0.984807753000000E+000  0.000000000000000E+000 -0.173648177000000E+000  0.143954493182402E-001  0.996557863474620E+000  0.816406503163087E-001  0.173050456267383E+000 -0.829000889438659E-001  0.981417910262921E+000 -0.236944745371800E+000  0.000000000000000E+000  0.417797513862000E-001
  0.206250000000000E+000 -0.445095481846633E+002 -0.467060248090876E+000  0.376687835869762E+003 -0.343818338258060E+001  0.131490694195779E+002 -0.330261802463782E+000  0.984807753000000E+000  0.000000000000000E+000 -0.173648177000000E+000  0.145675799536730E-001  0.996474907578573E+000  0.826168516633755E-001  0.173036051127263E+000 -0.838913497702485E-001  0.981336214653337E+000 -0.236944745371800E+000  0.000000000000000E+000  0.417797513862000E-001
  0.212500000000000E+000 -0.445145065923209E+002 -0.369808059134179E+000  0.376723347016762E+003 -0.334970886565675E+001  0.131479793250916E+002 -0.283678384233969E+000  0.984807753000000E+000  0.000000000000000E+000 -0.173648177000000E+000  0.147172886299045E-001  0.996401950181849E+000  0.834658917603768E-001  0.173023382208323E+000 -0.847534876793123E-001  0.981264365643405E+000 -0.236944745371800E+000  0.000000000000000E+000  0.417797513862000E-001
  0.218750000000000E+000 -0.445202831825295E+002 -0.272267621162926E+000  0.376751629676395E+003 -0.325710676493067E+001  0.131476380842151E+002 -0.236815372564240E+000  0.984807753000000E+000  0.000000000000000E+000 -0.173648177000000E+000  0.148443493362522E-001  0.996339440345612E+000  0.841864888370325E-001  0.173012527489216E+000 -0.854852011274048E-001  0.981202805472040E+000 -0.236944745371800E+000  0.000000000000000E+000  0.417797513862000E-001
  0.225000000000000E+000 -0.445254275606870E+002 -0.174551540913487E+000  0.376770715643416E+003 -0.316043814555115E+001  0.131483891263659E+002 -0.189775298317054E+000  0.984807753000000E+000  0.000000000000000E+000 -0.173648177000000E+000  0.149485703595699E-001  0.996287762798994E+000  0.847775556340593E-001  0.173003553777454E+000 -0.860853860825152E-001  0.981151913023474E+000 -0.236944745371800E+000  0.000000000000000E+000  0.417797513862000E-001
  0.231250000000000E+000 -0.445305813418166E+002 -0.770234354005409E-001  0.376791141848794E+003 -0.305917113235959E+001  0.131490159135515E+002 -0.142574371844537E+000  0.984807753000000E+000  0.000000000000000E+000 -0.173648177000000E+000  0.150297945216301E-001  0.996247235583478E+000  0.852382007494281E-001  0.172996516300361E+000 -0.865531373913017E-001  0.981112001507427E+000 -0.236944745371800E+000  0.000000000000000E+000  0.417797513862000E-001
  0.237500000000000E+000 -0.445362816914152E+002  0.209509061720621E-001  0.376815635661342E+003 -0.295240901383679E+001  0.131494949890923E+002 -0.950441504479234E-001  0.984807753000000E+000  0.000000000000000E+000 -0.173648177000000E+000  0.150878993727031E-001  0.996218108106041E+000  0.855677297362119E-001  0.172991458367003E+000 -0.868877498938738E-001  0.981083316541821E+000 -0.236944745371800E+000  0.000000000000000E+000  0.417797513862000E-001
  0.243750000000000E+000 -0.445424535074242E+002  0.119236976459223E+000  0.376841555457793E+003 -0.284135090683100E+001  0.131500460468354E+002 -0.472948891918249E-001  0.984807753000000E+000  0.000000000000000E+000 -0.173648177000000E+000  0.151227973417118E-001  0.996200559612717E+000  0.857656459541499E-001  0.172988411103128E+000 -0.870887192884944E-001  0.981066034649542E+000 -0.236944745371800E+000  0.000000000000000E+000  0.417797513862000E-001
  0.250000000000000E+000 -0.445513571331916E+002  0.217713079145313E+000  0.376885690726700E+003 -0.272538955910672E+001  0.131497897496463E+002  0.737560511985833E-003  0.984807753000000E+000  0.000000000000000E+000 -0.173648177000000E+000  0.151344358432609E-001  0.996194698091721E+000  0.858316511766454E-001  0.172987393260693E+000 -0.871557427479406E-001  0.981060262178221E+000 -0.236944745371800E+000  0.000000000000000E+000  0.417797513862000E-001
  0.256250000000000E+000 -0.445605534274261E+002  0.315604445406810E+000  0.376922963062584E+003 -0.260594035902521E+001  0.131504622522516E+002  0.486580154790306E-001  0.984807753000000E+000  0.000000000000000E+000 -0.173648177000000E+000  0.151227973417650E-001  0.996200559612690E+000  0.857656459544517E-001  0.172988411103123E+000 -0.870887192888009E-001  0.981066034649516E+000 -0.236944745371800E+000  0.000000000000000E+000  0.417797513862000E-001
  0.262500000000000E+000 -0.445703324604635E+002  0.412935299723642E+000  0.376962297281594E+003 -0.248240885988936E+001  0.131513084930266E+002  0.964875631139913E-001  0.984807753000000E+000  0.000000000000000E+000 -0.173648177000000E+000  0.150878993728095E-001  0.996218108105988E+000  0.855677297368150E-001  0.172991458366994E+000 -0.868877498944863E-001  0.981083316541769E+000 -0.236944745371800E+000  0.000000000000000E+000  0.417797513862000E-001
  0.268750000000000E+000 -0.445800581528704E+002  0.509486044840320E+000  0.376999007328102E+003 -0.235488295526681E+001  0.131523369884385E+002  0.144141685555024E+000  0.984807753000000E+000  0.000000000000000E+000 -0.173648177000000E+000  0.150297945217894E-001  0.996247235583399E+000  0.852382007503317E-001  0.172996516300347E+000 -0.865531373922193E-001  0.981112001507348E+000 -0.236944745371800E+000  0.000000000000000E+000  0.417797513862000E-001
  0.275000000000000E+000 -0.445908064804238E+002  0.605170108113602E+000  0.377042114894574E+003 -0.222415636357433E+001  0.131534747225132E+002  0.191477336459126E+000  0.984807753000000E+000  0.000000000000000E+000 -0.173648177000000E+000  0.149485703597820E-001  0.996287762798888E+000  0.847775556352620E-001  0.173003553777435E+000 -0.860853860837365E-001  0.981151913023370E+000 -0.236944745371800E+000  0.000000000000000E+000  0.417797513862000E-001
  0.281250000000000E+000 -0.446326018477504E+002  0.700359422269724E+000  0.377301744951273E+003 -0.209091957235288E+001  0.131505932852061E+002  0.238648014419099E+000  0.984807753000000E+000  0.000000000000000E+000 -0.173648177000000E+000  0.148443493365167E-001  0.996339440345481E+000  0.841864888385325E-001  0.173012527489193E+000 -0.854852011289279E-001  0.981202805471911E+000 -0.236944745371800E+000  0.000000000000000E+000  0.417797513862000E-001
  0.287500000000000E+000 -0.446669918628532E+002  0.794316238878974E+000  0.377411347895620E+003 -0.195430116952727E+001  0.131539721126352E+002  0.285471785327666E+000  0.984807753000000E+000  0.000000000000000E+000 -0.173648177000000E+000  0.147172886302211E-001  0.996401950181694E+000  0.834658917621718E-001  0.173023382208296E+000 -0.847534876811350E-001  0.981264365643252E+000 -0.236944745371800E+000  0.000000000000000E+000  0.417797513862000E-001
  0.293750000000000E+000 -0.446793999602936E+002  0.886785351680581E+000  0.377383314159224E+003 -0.181372464735309E+001  0.131600370942139E+002  0.331806624100885E+000  0.984807753000000E+000  0.000000000000000E+000 -0.173648177000000E+000  0.145675799540411E-001  0.996474907578395E+000  0.826168516654628E-001  0.173036051127232E+000 -0.838913497723680E-001  0.981336214653161E+000 -0.236944745371800E+000  0.000000000000000E+000  0.417797513862000E-001
  0.300000000000000E+000 -0.446923542021445E+002  0.978490887774857E+000  0.377430489074243E+003 -0.166927451045058E+001  0.131620464006575E+002  0.377834627859482E+000  0.984807753000000E+000  0.000000000000000E+000 -0.173648177000000E+000  0.143954493186592E-001  0.996557863474419E+000  0.816406503186851E-001  0.173050456267348E+000 -0.829000889462789E-001  0.981417910262723E+000 -0.236944745371800E+000  0.000000000000000E+000  0.417797513862000E-001
  0.306250000000000E+000 -0.447050661380216E+002  0.106824700065585E+001  0.377478906492493E+003 -0.152216112393167E+001  0.131633220016036E+002  0.423233347607715E+000  0.984807753000000E+000  0.000000000000000E+000 -0.173648177000000E+000  0.142011567506728E-001  0.996650307226837E+000  0.805387624059588E-001  0.173066508956430E+000 -0.817812026363676E-001  0.981508949586821E+000 -0.236944745371800E+000  0.000000000000000E+000  0.417797513862000E-001
  0.312500000000000E+000 -0.447181033547322E+002  0.115646203485305E+001  0.377528379612409E+003 -0.137329792170781E+001  0.131646524066460E+002  0.467917843631287E+000  0.984807753000000E+000  0.000000000000000E+000 -0.173648177000000E+000  0.139849959662430E-001  0.996751669739352E+000  0.793128536744142E-001  0.173084110371945E+000 -0.805363822865987E-001  0.981608772175010E+000 -0.236944745371800E+000  0.000000000000000E+000  0.417797513862000E-001
  0.318750000000000E+000 -0.447320280633894E+002  0.124283146414479E+001  0.377582582825310E+003 -0.122250105359925E+001  0.131659352556546E+002  0.511848628751453E+000  0.984807753000000E+000  0.000000000000000E+000 -0.173648177000000E+000  0.137472939994852E-001  0.996861326950040E+000  0.779647788266931E-001  0.173103152146675E+000 -0.791675112113918E-001  0.981716763446267E+000 -0.236944745371800E+000  0.000000000000000E+000  0.417797513862000E-001
  0.325000000000000E+000 -0.447459115011651E+002  0.132732775884456E+001  0.377632979354143E+003 -0.106981392887669E+001  0.131674854736474E+002  0.555007171732668E+000  0.984807753000000E+000  0.000000000000000E+000 -0.173648177000000E+000  0.134884107850530E-001  0.996978603657440E+000  0.764965791536583E-001  0.173123517033120E+000 -0.776766621918119E-001  0.981832258456961E+000 -0.236944745371800E+000  0.000000000000000E+000  0.417797513862000E-001
  0.331250000000000E+000 -0.447596353408331E+002  0.141010945070837E+001  0.377679580588977E+003 -0.914545007856050E+000  0.131696274783655E+002  0.597492699053234E+000  0.984807753000000E+000  0.000000000000000E+000 -0.173648177000000E+000  0.132087386943543E-001  0.997102777661939E+000  0.749104799041523E-001  0.173145079622632E+000 -0.760660948047515E-001  0.981954545979313E+000 -0.236944745371800E+000  0.000000000000000E+000  0.417797513862000E-001
  0.337500000000000E+000 -0.447750351222454E+002  0.149086215533468E+001  0.377741207670225E+003 -0.757960521436113E+000  0.131705350146596E+002  0.639116344652093E+000  0.984807753000000E+000  0.000000000000000E+000 -0.173648177000000E+000  0.129087020248575E-001  0.997233084197435E+000  0.732088873887027E-001  0.173167707114972E+000 -0.743382524819569E-001  0.982082872865736E+000 -0.236944745371800E+000  0.000000000000000E+000  0.417797513862000E-001
  0.343750000000000E+000 -0.447906433267374E+002  0.156896892954910E+001  0.377798775752667E+003 -0.601194221899917E+000  0.131720615210752E+002  0.679579876821361E+000  0.984807753000000E+000  0.000000000000000E+000 -0.173648177000000E+000  0.125887564419668E-001  0.997368720626484E+000  0.713943858142410E-001  0.173191260133611E+000 -0.724957592959172E-001  0.982216448672652E+000 -0.236944745371800E+000  0.000000000000000E+000  0.417797513862000E-001
  0.350000000000000E+000 -0.448035793952700E+002  0.164462269106625E+001  0.377833887397709E+003 -0.444689385457079E+000  0.131748874808697E+002  0.718795603700768E+000  0.984807753000000E+000  0.000000000000000E+000 -0.173648177000000E+000  0.122493883729978E-001  0.997508851370462E+000  0.694697338471699E-001  0.173215593581845E+000 -0.705414164699106E-001  0.982354450515756E+000 -0.236944745371800E+000  0.000000000000000E+000  0.417797513862000E-001
  0.356250000000000E+000 -0.448235792761140E+002  0.171584801500307E+001  0.377934661080704E+003 -0.291775853501273E+000  0.131732451628686E+002  0.755906193751390E+000  0.984807753000000E+000  0.000000000000000E+000 -0.173648177000000E+000  0.118911143528510E-001  0.997652613044814E+000  0.674378609024919E-001  0.173240557534518E+000 -0.684781986098884E-001  0.982496028127241E+000 -0.236944745371800E+000  0.000000000000000E+000  0.417797513862000E-001
  0.362500000000000E+000 -0.448449268553351E+002  0.178669756746143E+001  0.378023381181551E+003 -0.130806139346816E+000  0.131729246480924E+002  0.793264530118092E+000  0.984807753000000E+000  0.000000000000000E+000 -0.173648177000000E+000  0.115144803210663E-001  0.997799119768107E+000  0.653018631572046E-001  0.173265998159936E+000 -0.663092496563688E-001  0.982640309084207E+000 -0.236944745371800E+000  0.000000000000000E+000  0.417797513862000E-001
  0.368750000000000E+000 -0.448662175441301E+002  0.185349647239976E+001  0.378103968808923E+003  0.269819092255537E-001  0.131740158879754E+002  0.828817281915911E+000  0.984807753000000E+000  0.000000000000000E+000 -0.173648177000000E+000  0.111200608700443E-001  0.997947468612531E+000  0.630649992867566E-001  0.173291758666331E+000 -0.640378785551220E-001  0.982786404176345E+000 -0.236944745371800E+000  0.000000000000000E+000  0.417797513862000E-001
  0.375000000000000E+000 -0.448861215866558E+002  0.191807118252416E+001  0.378174913761030E+003  0.185522771982361E+000  0.131758105397910E+002  0.863261821928244E+000  0.984807753000000E+000  0.000000000000000E+000 -0.173648177000000E+000  0.107084584443483E-001  0.998096745162495E+000  0.607306859240598E-001  0.173317680267101E+000 -0.616675546461298E-001  0.982933412880090E+000 -0.236944745371800E+000  0.000000000000000E+000  0.417797513862000E-001
  0.381250000000000E+000 -0.449058197087660E+002  0.197997760577633E+001  0.378248229078165E+003  0.345348450591649E+000  0.131775906447096E+002  0.896733906334399E+000  0.984807753000000E+000  0.000000000000000E+000 -0.173648177000000E+000  0.102803024911361E-001  0.998246029147263E+000  0.583024928413506E-001  0.173343603158911E+000 -0.592019027711194E-001  0.983080428905689E+000 -0.236944745371800E+000  0.000000000000000E+000  0.417797513862000E-001
  0.387500000000000E+000 -0.449256425615355E+002  0.203944873618192E+001  0.378324887110263E+003  0.504730107563005E+000  0.131785690865572E+002  0.928954216267719E+000  0.984807753000000E+000  0.000000000000000E+000 -0.173648177000000E+000  0.983624856193131E-002  0.998394400113032E+000  0.557841378560804E-001  0.173369367506637E+000 -0.566446981008693E-001  0.983226545783098E+000 -0.236944745371800E+000  0.000000000000000E+000  0.417797513862000E-001
  0.393750000000000E+000 -0.449443409610546E+002  0.209547713311330E+001  0.378392594794008E+003  0.661836553240183E+000  0.131801874748297E+002  0.959532994858710E+000  0.984807753000000E+000  0.000000000000000E+000 -0.173648177000000E+000  0.937697736611334E-002  0.998540943099509E+000  0.531794814629925E-001  0.173394814429090E+000 -0.539998606844766E-001  0.983370862452328E+000 -0.236944745371800E+000  0.000000000000000E+000  0.417797513862000E-001
  0.400000000000000E+000 -0.449640072660401E+002  0.214897017378801E+001  0.378471402920986E+003  0.820551696580563E+000  0.131805063142687E+002  0.989144261172609E+000  0.984807753000000E+000  0.000000000000000E+000 -0.173648177000000E+000  0.890319377669300E-002  0.998684754285963E+000  0.504925211955932E-001  0.173419786979450E+000 -0.512714497238460E-001  0.983512488823717E+000 -0.236944745371800E+000  0.000000000000000E+000  0.417797513862000E-001
  0.406250000000000E+000 -0.449827975399177E+002  0.219883844439294E+001  0.378542369193375E+003  0.976182314581580E+000  0.131816384834089E+002  0.101696476568250E+001  0.984807753000000E+000  0.000000000000000E+000 -0.173648177000000E+000  0.841562578913498E-002  0.998824946571812E+000  0.477273857213420E-001  0.173444131114318E+000 -0.484636575777872E-001  0.983650551273731E+000 -0.236944745371800E+000  0.000000000000000E+000  0.417797513862000E-001
  0.412500000000000E+000 -0.449982105344456E+002  0.224465917199311E+001  0.378587130934402E+003  0.112843684362159E+001  0.131840716644409E+002  0.104274123551373E+001  0.984807753000000E+000  0.000000000000000E+000 -0.173648177000000E+000  0.791502343419697E-002  0.998960655057132E+000  0.448883286760555E-001  0.173467696645397E+000 -0.455808035013058E-001  0.983784198042223E+000 -0.236944745371800E+000  0.000000000000000E+000  0.417797513862000E-001
  0.418750000000000E+000 -0.450148056027866E+002  0.228720790845465E+001  0.378655016221484E+003  0.128111344655861E+001  0.131845225601385E+002  0.106721098684402E+001  0.984807753000000E+000  0.000000000000000E+000 -0.173648177000000E+000  0.740215764596843E-002  0.999091042389039E+000  0.419797222442360E-001  0.173490338167886E+000 -0.426273271268977E-001  0.983912604497577E+000 -0.236944745371800E+000  0.000000000000000E+000  0.417797513862000E-001
  0.425000000000000E+000 -0.450338781051384E+002  0.232725254076007E+001  0.378740894486561E+003  0.143440964837939E+001  0.131831617215539E+002  0.109064416647486E+001  0.984807753000000E+000  0.000000000000000E+000 -0.173648177000000E+000  0.687781908651105E-002  0.999215303940611E+000  0.390060504932767E-001  0.173511915959788E+000 -0.396077816959233E-001  0.984034978236965E+000 -0.236944745371800E+000  0.000000000000000E+000  0.417797513862000E-001
  0.431250000000000E+000 -0.450520345783065E+002  0.236207942098010E+001  0.378810955355299E+003  0.158110728553650E+001  0.131835217711824E+002  0.111147959529049E+001  0.984807753000000E+000  0.000000000000000E+000 -0.173648177000000E+000  0.634281692872509E-002  0.999332672790049E+000  0.359719024707534E-001  0.173532296846529E+000 -0.365268270494144E-001  0.984150563989852E+000 -0.236944745371800E+000  0.000000000000000E+000  0.417797513862000E-001
  0.437500000000000E+000 -0.450693779512407E+002  0.239412424682426E+001  0.378876619125312E+003  0.172707593692775E+001  0.131841101429929E+002  0.113092989084398E+001  0.984807753000000E+000  0.000000000000000E+000 -0.173648177000000E+000  0.579797759928766E-002  0.999442424468894E+000  0.328819650752729E-001  0.173551355025484E+000 -0.333892223889437E-001  0.984258648294084E+000 -0.236944745371800E+000  0.000000000000000E+000  0.417797513862000E-001
  0.443750000000000E+000 -0.450841746233866E+002  0.242170721416490E+001  0.378926974541053E+003  0.186980704865315E+001  0.131852962428305E+002  0.114836154740727E+001  0.984807753000000E+000  0.000000000000000E+000 -0.173648177000000E+000  0.524414348372873E-002  0.999543881449570E+000  0.297410157125950E-001  0.173568972845222E+000 -0.301998188194554E-001  0.984358563915249E+000 -0.236944745371800E+000  0.000000000000000E+000  0.417797513862000E-001
  0.450000000000000E+000 -0.450964453110596E+002  0.244540141731829E+001  0.378965815357938E+003  0.200898674532047E+001  0.131866810988597E+002  0.116382619749478E+001  0.984807753000000E+000  0.000000000000000E+000 -0.173648177000000E+000  0.468217159592580E-002  0.999636417344032E+000  0.265539147499609E-001  0.173585041534602E+000 -0.269635516871899E-001  0.984449693981547E+000 -0.236944745371800E+000  0.000000000000000E+000  0.417797513862000E-001
  0.456250000000000E+000 -0.451058217075001E+002  0.246590832751337E+001  0.378992523933096E+003  0.214676714085418E+001  0.131881576084013E+002  0.117785389015783E+001  0.984807753000000E+000  0.000000000000000E+000 -0.173648177000000E+000  0.411293221450528E-002  0.999719460787142E+000  0.233255977827413E-001  0.173599461877110E+000 -0.236854327270322E-001  0.984531475808157E+000 -0.236944745371800E+000  0.000000000000000E+000  0.417797513862000E-001
  0.462500000000000E+000 -0.451130144778952E+002  0.248266020157482E+001  0.379013473496236E+003  0.228136211738371E+001  0.131895252815546E+002  0.119005578838953E+001  0.984807753000000E+000  0.000000000000000E+000 -0.173648177000000E+000  0.353730748883662E-002  0.999792498980269E+000  0.200610677286365E-001  0.173612144826198E+000 -0.203705420347524E-001  0.984603404387013E+000 -0.236944745371800E+000  0.000000000000000E+000  0.417797513862000E-001
  0.468750000000000E+000 -0.451177750648686E+002  0.249503581694074E+001  0.379022646698813E+003  0.241080783657703E+001  0.131905743668252E+002  0.120010633906016E+001  0.984807753000000E+000  0.000000000000000E+000 -0.173648177000000E+000  0.295619001749057E-002  0.999855080872775E+000  0.167653867657126E-001  0.173623012057745E+000 -0.170240198806727E-001  0.984665035519950E+000 -0.236944745371800E+000  0.000000000000000E+000  0.417797513862000E-001
  0.475000000000000E+000 -0.451219180021321E+002  0.250352910082846E+001  0.379037181743515E+003  0.253659215873955E+001  0.131907821716582E+002  0.120829233506113E+001  0.984807753000000E+000  0.000000000000000E+000 -0.173648177000000E+000  0.237048140220403E-002  0.999906819961262E+000  0.134436681315281E-001  0.173631996456140E+000 -0.136510583822831E-001  0.984715988575426E+000 -0.236944745371800E+000  0.000000000000000E+000  0.417797513862000E-001
  0.481250000000000E+000 -0.451301091164039E+002  0.250937784517823E+001  0.379089868134276E+003  0.266069562801993E+001  0.131883056386682E+002  0.121525406726890E+001  0.984807753000000E+000  0.000000000000000E+000 -0.173648177000000E+000  0.178109078054852E-002  0.999947396688883E+000  0.101010678014835E-001  0.173639042530920E+000 -0.102568930542157E-001  0.984755948851379E+000 -0.236944745371800E+000  0.000000000000000E+000  0.417797513862000E-001
  0.487500000000000E+000 -0.451315040632376E+002  0.251044443508589E+001  0.379074362577155E+003  0.277992594429064E+001  0.131899000198311E+002  0.122005463202286E+001  0.984807753000000E+000  0.000000000000000E+000 -0.173648177000000E+000  0.118893334063543E-002  0.999976560429510E+000  0.674277606529646E-002  0.173644106761315E+000 -0.684679425477315E-002  0.984784669529254E+000 -0.236944745371800E+000  0.000000000000000E+000  0.417797513862000E-001
  0.493750000000000E+000 -0.451338972382632E+002  0.250736701994638E+001  0.379089549265882E+003  0.289201564125843E+001  0.131893291681621E+002  0.122244602367370E+001  0.984807753000000E+000  0.000000000000000E+000 -0.173648177000000E+000  0.594928821307558E-003  0.999994131044188E+000  0.337400902116487E-002  0.173647157866522E+000 -0.342605854887586E-002  0.984801973206814E+000 -0.236944745371800E+000  0.000000000000000E+000  0.417797513862000E-001
  0.500000000000000E+000 -0.451350782111944E+002  0.250043347379196E+001  0.379093119482060E+003  0.300062585512850E+001  0.131889876224888E+002  0.122309135785774E+001  0.984807753000000E+000  0.000000000000000E+000 -0.173648177000000E+000  0.136069557829068E-011  0.100000000000000E+001  0.771688812473674E-011  0.173648177000000E+000 -0.783593356289990E-011  0.984807753000000E+000 -0.236944745371800E+000  0.000000000000000E+000  0.417797513862000E-001
  0.506250000000000E+000 -0.451347125058500E+002  0.249018161406896E+001  0.379088475758926E+003  0.310688522785870E+001  0.131888452298004E+002  0.122229253639231E+001  0.984807753000000E+000  0.000000000000000E+000 -0.173648177000000E+000 -0.594928818588280E-003  0.999994131044241E+000 -0.337400900574308E-002  0.173647157866532E+000  0.342605853321616E-002  0.984801973206867E+000 -0.236944745371800E+000  0.000000000000000E+000  0.417797513862000E-001
  0.512500000000000E+000 -0.451326633578644E+002  0.247564580563178E+001  0.379078098155939E+003  0.320613891835694E+001  0.131885035143684E+002  0.121923925990524E+001  0.984807753000000E+000  0.000000000000000E+000 -0.173648177000000E+000 -0.118893333792251E-002  0.999976560429617E+000 -0.674277604991069E-002  0.173644106761333E+000  0.684679423915004E-002  0.984784669529360E+000 -0.236944745371800E+000  0.000000000000000E+000  0.417797513862000E-001
  0.518750000000000E+000 -0.451309227365476E+002  0.245649651876510E+001  0.379075601211675E+003  0.329990888949633E+001  0.131871918497725E+002  0.121394461938378E+001  0.984807753000000E+000  0.000000000000000E+000 -0.173648177000000E+000 -0.178109077784614E-002  0.999947396689043E+000 -0.101010677861575E-001  0.173639042530948E+000  0.102568930386533E-001  0.984755948851536E+000 -0.236944745371800E+000  0.000000000000000E+000  0.417797513862000E-001
  0.525000000000000E+000 -0.451253890439632E+002  0.243422096491943E+001  0.379044053974254E+003  0.339002941124296E+001  0.131874224414808E+002  0.120710062837365E+001  0.984807753000000E+000  0.000000000000000E+000 -0.173648177000000E+000 -0.237048139951641E-002  0.999906819961473E+000 -0.134436681162858E-001  0.173631996456177E+000  0.136510583668057E-001  0.984715988575634E+000 -0.236944745371800E+000  0.000000000000000E+000  0.417797513862000E-001
  0.531250000000000E+000 -0.451170566962222E+002  0.240991800346877E+001  0.379002264656092E+003  0.348065378197097E+001  0.131881913720007E+002  0.119961644707688E+001  0.984807753000000E+000  0.000000000000000E+000 -0.173648177000000E+000 -0.295619001482186E-002  0.999855080873036E+000 -0.167653867505776E-001  0.173623012057790E+000  0.170240198653042E-001  0.984665035520208E+000 -0.236944745371800E+000  0.000000000000000E+000  0.417797513862000E-001
  0.537500000000000E+000 -0.451071923812119E+002  0.238129015800691E+001  0.378960370922411E+003  0.356209625765179E+001  0.131876058158951E+002  0.118979667795647E+001  0.984807753000000E+000  0.000000000000000E+000 -0.173648177000000E+000 -0.353730748619097E-002  0.999792498980579E+000 -0.200610677136323E-001  0.173612144826252E+000  0.203705420195167E-001  0.984603404387319E+000 -0.236944745371800E+000  0.000000000000000E+000  0.417797513862000E-001
