  0.000000000000000E+000 -0.552646194051474E+002 -0.148017020287541E+001 -0.210553399698921E+003  0.744166511167363E+000  0.713486845334293E+002 -0.569443535750282E+000  0.984807753000000E+000  0.000000000000000E+000 -0.173648177700000E+000  0.000000000000000E+000  0.100000000000000E+001  0.000000000000000E+000  0.173648177700000E+000  0.000000000000000E+000  0.984807753000000E+000 -0.236944745371800E+000  0.000000000000000E+000  0.417797515546200E-001
  0.625000000000000E-002 -0.336367968976303E+002 -0.206237162498743E+001  0.203914203862894E+003 -0.212843081037698E+001  0.402847819656691E+002 -0.951305374086088E+000  0.984807753000000E+000  0.594928821683703E-003 -0.173647158566525E+000  0.000000000000000E+000  0.999994131044227E+000  0.342605853723107E-002  0.173648177700000E+000 -0.337400900969700E-002  0.984801973206853E+000 -0.236944745371800E+000 -0.143139874497099E-003  0.417795063511059E-001
  0.125000000000000E-001 -0.367805734463900E+002 -0.227935476501659E+001  0.294313434945975E+003 -0.258830734726821E+001  0.237255979693564E+002 -0.106992478809183E+001  0.984807753000000E+000  0.118893334274990E-002 -0.173644107461317E+000  0.000000000000000E+000  0.999976560429615E+000  0.684679423934950E-002  0.173648177700000E+000 -0.674277605010713E-002  0.984784669529358E+000 -0.236944745371800E+000 -0.286057362265626E-003  0.417787722551928E-001
  0.187500000000000E-001 -0.397908643781047E+002 -0.238752179483505E+001  0.337479382007114E+003 -0.275362078049871E+001  0.156918209001350E+002 -0.113942229854537E+001  0.984807753000000E+000  0.178109078440213E-002 -0.173639043230918E+000  0.000000000000000E+000  0.999947396689080E+000  0.102568930350608E-001  0.173648177700000E+000 -0.101010677826196E-001  0.984755948851572E+000 -0.236944745371800E+000 -0.428530442727151E-003  0.417775538013588E-001
  0.250000000000000E-001 -0.416745637119056E+002 -0.244594905913201E+001  0.360768513952630E+003 -0.281683393878508E+001  0.118186034424986E+002 -0.117590079895541E+001  0.984807753000000E+000  0.237048140779696E-002 -0.173631997156129E+000  0.000000000000000E+000  0.999906819961573E+000  0.136510583594622E-001  0.173648177700000E+000 -0.134436681090538E-001  0.984715988575733E+000 -0.236944745371800E+000 -0.570337826715949E-003  0.417758585157647E-001
  0.312500000000000E-001 -0.429286696201047E+002 -0.247372260868924E+001  0.374999265535999E+003 -0.284026745796780E+001  0.963251531015493E+001 -0.119433949949911E+001  0.984807753000000E+000  0.295619002482233E-002 -0.173623012757721E+000  0.000000000000000E+000  0.999855080873224E+000  0.170240198542684E-001  0.173648177700000E+000 -0.167653867397095E-001  0.984665035520393E+000 -0.236944745371800E+000 -0.711259319972253E-003  0.417736968695078E-001
  0.375000000000000E-001 -0.437652554181653E+002 -0.248147681080494E+001  0.384072788932626E+003 -0.284279411812058E+001  0.830308576193322E+001 -0.120108589757233E+001  0.984807753000000E+000  0.353730749790605E-002 -0.173612145526158E+000  0.000000000000000E+000  0.999792498980878E+000  0.203705420048647E-001  0.173648177700000E+000 -0.200610676992029E-001  0.984603404387613E+000 -0.236944745371800E+000 -0.851076183996197E-003  0.417710822135937E-001
  0.437500000000000E-001 -0.443397826206396E+002 -0.247538150685630E+001  0.390012404571677E+003 -0.283238633530195E+001  0.746754331559225E+001 -0.120012212962306E+001  0.984807753000000E+000  0.411293222531053E-002 -0.173599462577051E+000  0.000000000000000E+000  0.999719460787930E+000  0.236854326937779E-001  0.173648177700000E+000 -0.233255977499921E-001  0.984531475808933E+000 -0.236944745371800E+000 -0.989571493409713E-003  0.417680306960384E-001
  0.500000000000000E-001 -0.447423154704569E+002 -0.245910906880897E+001  0.393996622876484E+003 -0.281309854094714E+001  0.692946613570780E+001 -0.119366295630322E+001  0.984807753000000E+000  0.468217160846430E-002 -0.173585042234519E+000  0.000000000000000E+000  0.999636417345016E+000  0.269635516507024E-001  0.173648177700000E+000 -0.265539147140277E-001  0.984449693982516E+000 -0.236944745371800E+000 -0.112653048899651E-002  0.417645611616252E-001
  0.562500000000000E-001 -0.450295680743245E+002 -0.243508014087596E+001  0.396729357633329E+003 -0.278700174360859E+001  0.657525663985479E+001 -0.118307300028995E+001  0.984807753000000E+000  0.524414349799719E-002 -0.173568973545110E+000  0.000000000000000E+000  0.999543881450766E+000  0.301998187798846E-001  0.173648177700000E+000 -0.297410156736253E-001  0.984358563916427E+000 -0.236944745371800E+000 -0.126174092561812E-002  0.417606950349535E-001
  0.625000000000000E-001 -0.452382338695070E+002 -0.240468547778708E+001  0.398642205694599E+003 -0.275522634915683E+001  0.633738267626831E+001 -0.116915888693183E+001  0.984807753000000E+000  0.579797761528205E-002 -0.173551355725340E+000  0.000000000000000E+000  0.999442424470314E+000  0.333892223464551E-001  0.173648177700000E+000 -0.328819650334298E-001  0.984258648295482E+000 -0.236944745371800E+000 -0.139499341423686E-002  0.417564561875168E-001
  0.687500000000000E-001 -0.453923887922967E+002 -0.236884348765947E+001  0.400006697915542E+003 -0.271840917957414E+001  0.617466366800900E+001 -0.115244046330905E+001  0.984807753000000E+000  0.634281694644060E-002 -0.173532297546349E+000  0.000000000000000E+000  0.999332672791702E+000  0.365268270041892E-001  0.173648177700000E+000 -0.359719024262153E-001  0.984150563991480E+000 -0.236944745371800E+000 -0.152608175731361E-002  0.417518707896517E-001
  0.750000000000000E-001 -0.455080905964602E+002 -0.232816752432059E+001  0.400997477015962E+003 -0.267692750422196E+001  0.606141615129679E+001 -0.113326326085786E+001  0.984807753000000E+000  0.687781910594207E-002 -0.173511916659568E+000  0.000000000000000E+000  0.999215303942505E+000  0.396077816481576E-001  0.173648177700000E+000 -0.390060504462367E-001  0.984034978238830E+000 -0.236944745371800E+000 -0.165480327688966E-002  0.417469671482920E-001
  0.812500000000000E-001 -0.455962134648995E+002 -0.228308622246026E+001  0.401729055566565E+003 -0.263102665074398E+001  0.598129607218600E+001 -0.111186536086991E+001  0.984807753000000E+000  0.740215766710854E-002 -0.173490338867621E+000  0.000000000000000E+000  0.999091042391176E+000  0.426273270768020E-001  0.173648177700000E+000 -0.419797221949015E-001  0.983912604499682E+000 -0.236944745371800E+000 -0.178095913470631E-002  0.417417755315497E-001
  0.875000000000000E-001 -0.456642313767766E+002 -0.223391147757362E+001  0.402277832769301E+003 -0.258088239781157E+001  0.592371534379255E+001 -0.108841832273243E+001  0.984807753000000E+000  0.791502345703890E-002 -0.173467697345083E+000  0.000000000000000E+000  0.998960655059514E+000  0.455808034491047E-001  0.173648177700000E+000 -0.448883286246474E-001  0.983784198044568E+000 -0.236944745371800E+000 -0.190435464376356E-002  0.417363279812270E-001
  0.937500000000000E-001 -0.457173665551293E+002 -0.218088329199501E+001  0.402695579729117E+003 -0.252663538507543E+001  0.588171081514136E+001 -0.106305213202368E+001  0.984807753000000E+000  0.841562581367059E-002 -0.173444131813951E+000  0.000000000000000E+000  0.998824946574435E+000  0.484636575237184E-001  0.173648177700000E+000 -0.477273856680946E-001  0.983650551276315E+000 -0.236944745371800E+000 -0.202479957076914E-002  0.417306581144365E-001
  0.100000000000000E+000 -0.457593332189398E+002 -0.212419612141828E+001  0.403017927632446E+003 -0.246840817486337E+001  0.585064076225133E+001 -0.103587078973106E+001  0.984807753000000E+000  0.890319380291323E-002 -0.173419787679026E+000  0.000000000000000E+000  0.998684754288822E+000  0.512714496681599E-001  0.173648177700000E+000 -0.504925211407531E-001  0.983512488826532E+000 -0.236944745371800E+000 -0.214210842898092E-002  0.417248009155737E-001
  0.106250000000000E+000 -0.457928183074122E+002 -0.206401608952190E+001  0.403269812096207E+003 -0.240631478551171E+001  0.582736467272095E+001 -0.100696183725021E+001  0.984807753000000E+000  0.937697739400820E-002 -0.173394815128605E+000  0.000000000000000E+000  0.998540943102594E+000  0.539998606274358E-001  0.173648177700000E+000 -0.531794814068182E-001  0.983370862455366E+000 -0.236944745371800E+000 -0.225610076099837E-002  0.417187925199423E-001
  0.112500000000000E+000 -0.458386620105007E+002 -0.200093345266071E+001  0.403413674550498E+003 -0.234093650445917E+001  0.582929229920430E+001 -0.976606197669973E+000  0.984807753000000E+000  0.983624859148984E-002 -0.173369368206085E+000  0.000000000000000E+000  0.998394400116330E+000  0.566446980427474E-001  0.173648177700000E+000 -0.557841377988416E-001  0.983226545786346E+000 -0.236944745371800E+000 -0.236660141111246E-002  0.417126699903841E-001
  0.118750000000000E+000 -0.459672292652621E+002 -0.193660926911993E+001  0.403381600279471E+003 -0.227422079687604E+001  0.591104779334066E+001 -0.945620248992526E+000  0.984807753000000E+000  0.102803025223464E-001 -0.173343603858290E+000  0.000000000000000E+000  0.998246029150758E+000  0.592019027122010E-001  0.173648177700000E+000 -0.583024927833272E-001  0.983080428909130E+000 -0.236944745371800E+000 -0.247344078687654E-002  0.417064710883046E-001
  0.125000000000000E+000 -0.460375928417849E+002 -0.186695835105264E+001  0.404039962264760E+003 -0.220180487950911E+001  0.586685667940185E+001 -0.912282499386140E+000  0.984807753000000E+000  0.107084584771973E-001 -0.173317680966406E+000  0.000000000000000E+000  0.998096745166166E+000  0.616675545867089E-001  0.173648177700000E+000 -0.607306858655416E-001  0.982933412883706E+000 -0.236944745371800E+000 -0.257645510961366E-002  0.417002340405173E-001
  0.131250000000000E+000 -0.460742452923616E+002 -0.179438274144926E+001  0.404433088741569E+003 -0.212528165763674E+001  0.582554405491965E+001 -0.877289328296149E+000  0.984807753000000E+000  0.111200609045179E-001 -0.173291759365558E+000  0.000000000000000E+000  0.997947468616357E+000  0.640378784955020E-001  0.173648177700000E+000 -0.630649992280424E-001  0.982786404180113E+000 -0.236944745371800E+000 -0.267548665362702E-002  0.416939973033533E-001
  0.137500000000000E+000 -0.460999525269874E+002 -0.171885602567966E+001  0.404679765672480E+003 -0.204534685931029E+001  0.579741650544668E+001 -0.840826089821899E+000  0.984807753000000E+000  0.115144803571494E-001 -0.173265998859083E+000  0.000000000000000E+000  0.997799119772062E+000  0.663092495968614E-001  0.173648177700000E+000 -0.653018630986012E-001  0.982640309088102E+000 -0.236944745371800E+000 -0.277038397393015E-002  0.416877993254953E-001
  0.143750000000000E+000 -0.461162253624180E+002 -0.164056603855872E+001  0.404849827878390E+003 -0.196213108073703E+001  0.577714098506418E+001 -0.802981610941512E+000  0.984807753000000E+000  0.118911143905274E-001 -0.173240558233579E+000  0.000000000000000E+000  0.997652613048869E+000  0.684781985508124E-001  0.173648177700000E+000 -0.674378608443134E-001  0.982496028131235E+000 -0.236944745371800E+000 -0.286100212236088E-002  0.416816783109992E-001
  0.150000000000000E+000 -0.461267857012884E+002 -0.155966679021544E+001  0.404961302801459E+003 -0.187589784252146E+001  0.576361391365948E+001 -0.763848005476012E+000  0.984807753000000E+000  0.122493884122498E-001 -0.173215594280817E+000  0.000000000000000E+000  0.997508851374586E+000  0.705414164115918E-001  0.173648177700000E+000 -0.694697337897370E-001  0.982354450519817E+000 -0.236944745371800E+000 -0.294720285198730E-002  0.416756719839646E-001
  0.156250000000000E+000 -0.461337908042900E+002 -0.147630412306695E+001  0.405036580361865E+003 -0.178676347925936E+001  0.575452112552033E+001 -0.723500929162450E+000  0.984807753000000E+000  0.125887564827759E-001 -0.173191260832492E+000  0.000000000000000E+000  0.997368720630643E+000  0.724957592386868E-001  0.173648177700000E+000 -0.713943857578802E-001  0.982216448676749E+000 -0.236944745371800E+000 -0.302885480975588E-002  0.416698173562975E-001
  0.162500000000000E+000 -0.461384325503871E+002 -0.139062530841958E+001  0.405088160662530E+003 -0.169486682716439E+001  0.574836842049946E+001 -0.682014774409946E+000  0.984807753000000E+000  0.129087020672038E-001 -0.173167707813758E+000  0.000000000000000E+000  0.997233084201595E+000  0.743382524261514E-001  0.173648177700000E+000 -0.732088873337449E-001  0.982082872869833E+000 -0.236944745371800E+000 -0.310583371736923E-002  0.416641504999901E-001
  0.168750000000000E+000 -0.461415076616660E+002 -0.130277568235269E+001  0.405123974867706E+003 -0.160035224068830E+001  0.574417297579957E+001 -0.639461453450421E+000  0.984807753000000E+000  0.132087387382165E-001 -0.173145080321320E+000  0.000000000000000E+000  0.997102777666062E+000  0.760660947507110E-001  0.173648177700000E+000 -0.749104798509328E-001  0.981954545983373E+000 -0.236944745371800E+000 -0.317802254041489E-002  0.416587063253096E-001
  0.175000000000000E+000 -0.461435314793730E+002 -0.121289935732931E+001  0.405149186445941E+003 -0.150336708925643E+001  0.574128623157909E+001 -0.595911746929367E+000  0.984807753000000E+000  0.134884108304087E-001 -0.173123517731708E+000  0.000000000000000E+000  0.996978603661486E+000  0.776766621398796E-001  0.173648177700000E+000 -0.764965791025150E-001  0.981832258460946E+000 -0.236944745371800E+000 -0.324531164579633E-002  0.416535183662489E-001
  0.181250000000000E+000 -0.461448439728972E+002 -0.112114066656620E+001  0.405167180418501E+003 -0.140406190078169E+001  0.573927974550377E+001 -0.551436177124886E+000  0.984807753000000E+000  0.137472940463107E-001 -0.173103152845161E+000  0.000000000000000E+000  0.996861326953969E+000  0.791675111619133E-001  0.173648177700000E+000 -0.779647787779663E-001  0.981716763450137E+000 -0.236944745371800E+000 -0.330759894754234E-002  0.416486185745457E-001
  0.187500000000000E+000 -0.461456737922721E+002 -0.102764496811249E+001  0.405180196333554E+003 -0.130259035909797E+001  0.573787035930900E+001 -0.506105562300362E+000  0.984807753000000E+000  0.139849960145129E-001 -0.173084111070326E+000  0.000000000000000E+000  0.996751669743124E+000  0.805363822399206E-001  0.173648177700000E+000 -0.793128536284453E-001  0.981608772178724E+000 -0.236944745371800E+000 -0.336479004109179E-002  0.416440371235204E-001
  0.193750000000000E+000 -0.461461776673389E+002 -0.932559055372416E+000  0.405189733190979E+003 -0.119910933792275E+001  0.573687023655846E+001 -0.459991305730101E+000  0.984807753000000E+000  0.142011568003607E-001 -0.173066509654706E+000  0.000000000000000E+000  0.996650307230409E+000  0.817812025928370E-001  0.173648177700000E+000 -0.805387623630896E-001  0.981508949590339E+000 -0.236944745371800E+000 -0.341679832616677E-002  0.416398022229222E-001
  0.200000000000000E+000 -0.461464647447478E+002 -0.836031305602852E+000  0.405196808574744E+003 -0.109377871241747E+001  0.573615357007230E+001 -0.413165525569176E+000  0.984807753000000E+000  0.143954493697370E-001 -0.173050456965517E+000  0.000000000000000E+000  0.996557863477750E+000  0.829000889062423E-001  0.173648177700000E+000 -0.816406502792567E-001  0.981417910266003E+000 -0.236944745371800E+000 -0.346354511835871E-002  0.416359399459033E-001
  0.206250000000000E+000 -0.461466120770537E+002 -0.738211759862490E+000  0.405202121917489E+003 -0.986761105135234E+000  0.573563519504762E+001 -0.365701110868244E+000  0.984807753000000E+000  0.145675800064793E-001 -0.173036051825293E+000  0.000000000000000E+000  0.996474907581442E+000  0.838913497361701E-001  0.173648177700000E+000 -0.826168516298148E-001  0.981336214656163E+000 -0.236944745371800E+000 -0.350495974955892E-002  0.416324740691656E-001
  0.212500000000000E+000 -0.461466749916507E+002 -0.639252073345191E+000  0.405206158722339E+003 -0.878221679973065E+000  0.573525711920216E+001 -0.317671716473622E+000  0.984807753000000E+000  0.147172886839888E-001 -0.173023382906250E+000  0.000000000000000E+000  0.996401950184418E+000  0.847534876491181E-001  0.173648177700000E+000 -0.834658917306412E-001  0.981264365645934E+000 -0.236944745371800E+000 -0.354097965736771E-002  0.416294259272438E-001
  0.218750000000000E+000 -0.461466939562504E+002 -0.539305376221293E+000  0.405209260483919E+003 -0.768327929594294E+000  0.573497957126401E+001 -0.269151712112219E+000  0.984807753000000E+000  0.148443493915815E-001 -0.173012528187040E+000  0.000000000000000E+000  0.996339440347840E+000  0.854852011014309E-001  0.173648177700000E+000 -0.841864888114533E-001  0.981202805474234E+000 -0.236944745371800E+000 -0.357155046361451E-002  0.416268142818019E-001
  0.225000000000000E+000 -0.461467065144801E+002 -0.438526224544494E+000  0.405211648728743E+003 -0.657249340805213E+000  0.573478273590470E+001 -0.220216166609854E+000  0.984807753000000E+000  0.149485704161099E-001 -0.173003554475177E+000  0.000000000000000E+000  0.996287762800845E+000  0.860853860610940E-001  0.173648177700000E+000 -0.847775556129635E-001  0.981151913025297E+000 -0.236944745371800E+000 -0.359662604211605E-002  0.416246552067275E-001
  0.231250000000000E+000 -0.461467885217033E+002 -0.337070524556780E+000  0.405213388456789E+003 -0.545157469845286E+000  0.573469644368859E+001 -0.170940808824544E+000  0.984807753000000E+000  0.150297945793449E-001 -0.172996516997983E+000  0.000000000000000E+000  0.996247235584915E+000  0.865531373747604E-001  0.173648177700000E+000 -0.852382007331381E-001  0.981112001508842E+000 -0.236944745371800E+000 -0.361616857579038E-002  0.416229619897147E-001
  0.237500000000000E+000 -0.461469799660328E+002 -0.235094706066397E+000  0.405214887007873E+003 -0.432226216759023E+000  0.573468689311577E+001 -0.121401650900479E+000  0.984807753000000E+000  0.150878994315554E-001 -0.172991459064527E+000  0.000000000000000E+000  0.996218108107030E+000  0.868877498825340E-001  0.173648177700000E+000 -0.855677297250443E-001  0.981083316542795E+000 -0.236944745371800E+000 -0.363014860323223E-002  0.416217450509253E-001
  0.243750000000000E+000 -0.461472067041751E+002 -0.132755376554205E+000  0.405216644140108E+003 -0.318628028216979E+000  0.573462920751470E+001 -0.716748641700186E-001  0.984807753000000E+000  0.151227974016627E-001 -0.172988411800557E+000  0.000000000000000E+000  0.996200559613226E+000  0.870887192826709E-001  0.173648177700000E+000 -0.857656459484149E-001  0.981066034650043E+000 -0.236944745371800E+000 -0.363854505484003E-002  0.416210118792140E-001
  0.250000000000000E+000 -0.461474102798634E+002 -0.302106936725198E-001  0.405218406957542E+003 -0.204537180837742E+000  0.573450642762091E+001 -0.218371814617798E-001  0.984807753000000E+000  0.151344359042699E-001 -0.172987393958029E+000  0.000000000000000E+000  0.996194698091721E+000  0.871557427479406E-001  0.173648177700000E+000 -0.858316511766454E-001  0.981060262178221E+000 -0.236944745371800E+000 -0.364134527856733E-002  0.416207669863018E-001
  0.256250000000000E+000 -0.461476169009009E+002  0.723806822454405E-001  0.405219746139196E+003 -0.901304949370854E-001  0.573439351071714E+001  0.280343572330305E-001  0.984807753000000E+000  0.151227974037902E-001 -0.172988411800371E+000  0.000000000000000E+000  0.996200559612155E+000  0.870887192949230E-001  0.173648177700000E+000 -0.857656459604809E-001  0.981066034648989E+000 -0.236944745371800E+000 -0.363854505535192E-002  0.416210118791692E-001
  0.262500000000000E+000 -0.461478492224567E+002  0.174860560498493E+000  0.405220727096778E+003  0.244153446424196E-001  0.573430524579330E+001  0.778627826703822E-001  0.984807753000000E+000  0.150878994358073E-001 -0.172991459064156E+000  0.000000000000000E+000  0.996218108104894E+000  0.868877499070198E-001  0.173648177700000E+000 -0.855677297491581E-001  0.981083316540692E+000 -0.236944745371800E+000 -0.363014860425524E-002  0.416217450508361E-001
  0.268750000000000E+000 -0.461481189270304E+002  0.277070889943375E+000  0.405221438707825E+003  0.138923624798614E+000  0.573423944735259E+001  0.127571220812352E+000  0.984807753000000E+000  0.150297945857148E-001 -0.172996516997430E+000  0.000000000000000E+000  0.996247235581728E+000  0.865531374114430E-001  0.173648177700000E+000 -0.852382007692634E-001  0.981112001505704E+000 -0.236944745371800E+000 -0.361616857732297E-002  0.416229619895816E-001
  0.275000000000000E+000 -0.461484345297717E+002  0.378854045103768E+000  0.405221946947807E+003  0.253217746376274E+000  0.573419194502134E+001  0.177082999318286E+000  0.984807753000000E+000  0.149485704245882E-001 -0.173003554474444E+000  0.000000000000000E+000  0.996287762796626E+000  0.860853861099180E-001  0.173648177700000E+000 -0.847775556610458E-001  0.981151913021142E+000 -0.236944745371800E+000 -0.359662604415591E-002  0.416246552065512E-001
  0.281250000000000E+000 -0.461488011395278E+002  0.480053061982222E+000  0.405222305400356E+003  0.367121464530025E+000  0.573415807928429E+001  0.226321758835368E+000  0.984807753000000E+000  0.148443494021553E-001 -0.173012528186133E+000  0.000000000000000E+000  0.996339440342616E+000  0.854852011623228E-001  0.173648177700000E+000 -0.841864888714201E-001  0.981202805469089E+000 -0.236944745371800E+000 -0.357155046615856E-002  0.416268142815836E-001
  0.287500000000000E+000 -0.461492213059419E+002  0.580511888333344E+000  0.405222552607488E+003  0.480459150129869E+000  0.573413401892113E+001  0.275211568522402E+000  0.984807753000000E+000  0.147172886966422E-001 -0.173023382905174E+000  0.000000000000000E+000  0.996401950178220E+000  0.847534877219860E-001  0.173648177700000E+000 -0.834658918024022E-001  0.981264365639830E+000 -0.236944745371800E+000 -0.354097966041211E-002  0.416294259269849E-001
  0.293750000000000E+000 -0.461496957851454E+002  0.680075609090532E+000  0.405222715823599E+003  0.593056057637350E+000  0.573411691037001E+001  0.323677036531250E+000  0.984807753000000E+000  0.145675800211932E-001 -0.173036051824055E+000  0.000000000000000E+000  0.996474907574309E+000  0.838913498209041E-001  0.173648177700000E+000 -0.826168517132615E-001  0.981336214649138E+000 -0.236944745371800E+000 -0.350495975309909E-002  0.416324740688675E-001
  0.300000000000000E+000 -0.461502239819624E+002  0.778590695540926E+000  0.405222814533318E+003  0.704738562684315E+000  0.573410464152568E+001  0.371643425779988E+000  0.984807753000000E+000  0.143954493864892E-001 -0.173050456964123E+000  0.000000000000000E+000  0.996557863469725E+000  0.829000890027143E-001  0.173648177700000E+000 -0.816406503742631E-001  0.981417910258100E+000 -0.236944745371800E+000 -0.346354512238929E-002  0.416359399455680E-001
  0.306250000000000E+000 -0.461508042772246E+002  0.875905241562918E+000  0.405222862518077E+003  0.815334460179241E+000  0.573409570852751E+001  0.419036773774497E+000  0.984807753000000E+000  0.142011568191258E-001 -0.173066509653166E+000  0.000000000000000E+000  0.996650307221542E+000  0.817812027009014E-001  0.173648177700000E+000 -0.805387624695122E-001  0.981508949581607E+000 -0.236944745371800E+000 -0.341679833068168E-002  0.416398022225517E-001
  0.312500000000000E+000 -0.461514342439772E+002  0.971869188600386E+000  0.405222869706366E+003  0.924673229540198E+000  0.573408902585131E+001  0.465784000986041E+000  0.984807753000000E+000  0.139849960352626E-001 -0.173084111068649E+000  0.000000000000000E+000  0.996751669733469E+000  0.805363823594139E-001  0.173648177700000E+000 -0.793128537461232E-001  0.981608772169216E+000 -0.236944745371800E+000 -0.336479004608419E-002  0.416440371231170E-001
  0.318750000000000E+000 -0.461521108460859E+002  0.106633456844272E+001  0.405222843233357E+003  0.103258628786629E+001  0.573408386888436E+001  0.511813023313803E+000  0.984807753000000E+000  0.137472940690136E-001 -0.173103152843358E+000  0.000000000000000E+000  0.996861326943586E+000  0.791675112926546E-001  0.173648177700000E+000 -0.779647789067213E-001  0.981716763439912E+000 -0.236944745371800E+000 -0.330759895300468E-002  0.416486185741119E-001
  0.325000000000000E+000 -0.461528305878651E+002  0.115915577110090E+001  0.405222788520481E+003  0.113890725874617E+001  0.573407978104191E+001  0.557052876312281E+000  0.984807753000000E+000  0.134884108550305E-001 -0.173123517729789E+000  0.000000000000000E+000  0.996978603650439E+000  0.776766622816709E-001  0.173648177700000E+000 -0.764965792421522E-001  0.981832258450066E+000 -0.236944745371800E+000 -0.324531165172033E-002  0.416535183657873E-001
  0.331250000000000E+000 -0.461535893354215E+002  0.125018965745380E+001  0.405222710137330E+003  0.124347229076159E+001  0.573407622678842E+001  0.601433786922281E+000  0.984807753000000E+000  0.132087387647197E-001 -0.173145080319298E+000  0.000000000000000E+000  0.997102777654418E+000  0.760660949033371E-001  0.173648177700000E+000 -0.749104800012402E-001  0.981954545971906E+000 -0.236944745371800E+000 -0.317802254679157E-002  0.416587063248231E-001
  0.337500000000000E+000 -0.461543827468135E+002  0.133929580730671E+001  0.405222610750540E+003  0.134612006029466E+001  0.573407297660492E+001  0.644887320306640E+000  0.984807753000000E+000  0.129087020955483E-001 -0.173167707811645E+000  0.000000000000000E+000  0.997233084189427E+000  0.743382525893809E-001  0.173648177700000E+000 -0.732088874944946E-001  0.982082872857850E+000 -0.236944745371800E+000 -0.310583372418892E-002  0.416641504994817E-001
  0.343750000000000E+000 -0.461552061930986E+002  0.142633682177392E+001  0.405222492800552E+003  0.144669228212532E+001  0.573406987973796E+001  0.687346472520249E+000  0.984807753000000E+000  0.125887565129186E-001 -0.173191260830301E+000  0.000000000000000E+000  0.997368720618026E+000  0.724957594122716E-001  0.173648177700000E+000 -0.713943859288278E-001  0.982216448664323E+000 -0.236944745371800E+000 -0.302885481700821E-002  0.416698173557703E-001
  0.350000000000000E+000 -0.461560548440684E+002  0.151117848715456E+001  0.405222358383181E+003  0.154503388138017E+001  0.573406686521769E+001  0.728745773074667E+000  0.984807753000000E+000  0.122493884441448E-001 -0.173215594278562E+000  0.000000000000000E+000  0.997508851361597E+000  0.705414165952677E-001  0.173648177700000E+000 -0.694697339706225E-001  0.982354450507026E+000 -0.236944745371800E+000 -0.294720285966123E-002  0.416756719834219E-001
  0.356250000000000E+000 -0.461569236265487E+002  0.159368997916078E+001  0.405222209766014E+003  0.164099322086034E+001  0.573406381222097E+001  0.769021384796299E+000  0.984807753000000E+000  0.118911144241261E-001 -0.173240558231273E+000  0.000000000000000E+000  0.997652613035588E+000  0.684781987442998E-001  0.173648177700000E+000 -0.674378610348613E-001  0.982496028118156E+000 -0.236944745371800E+000 -0.286100213044474E-002  0.416816783104443E-001
  0.362500000000000E+000 -0.461578071810525E+002  0.167374406643991E+001  0.405222049160741E+003  0.173442233139473E+001  0.573406052092188E+001  0.808111202212376E+000  0.984807753000000E+000  0.115144803924007E-001 -0.173265998856740E+000  0.000000000000000E+000  0.997799119758571E+000  0.663092497998652E-001  0.173648177700000E+000 -0.653018632985210E-001  0.982640309074816E+000 -0.236944745371800E+000 -0.277038398241160E-002  0.416877993249316E-001
  0.368750000000000E+000 -0.461587000030877E+002  0.175121730655530E+001  0.405221877926413E+003  0.182517714554074E+001  0.573405688590473E+001  0.845954948384427E+000  0.984807753000000E+000  0.111200609413679E-001 -0.173291759363194E+000  0.000000000000000E+000  0.997947468602740E+000  0.640378787077125E-001  0.173648177700000E+000 -0.630649994370289E-001  0.982786404166702E+000 -0.236944745371800E+000 -0.267548666249312E-002  0.416939973027844E-001
  0.375000000000000E+000 -0.461595966028961E+002  0.182599023462062E+001  0.405221696807488E+003  0.191311772376752E+001  0.573405296733498E+001  0.882494268435805E+000  0.984807753000000E+000  0.107084585155896E-001 -0.173317680964034E+000  0.000000000000000E+000  0.998096745152506E+000  0.616675548078016E-001  0.173648177700000E+000 -0.607306860832754E-001  0.982933412870253E+000 -0.236944745371800E+000 -0.257645511885086E-002  0.417002340399466E-001
  0.381250000000000E+000 -0.461604915282979E+002  0.189794756967129E+001  0.405221507016392E+003  0.199810845830022E+001  0.573404879690033E+001  0.917672823705399E+000  0.984807753000000E+000  0.102803025622224E-001 -0.173343603855925E+000  0.000000000000000E+000  0.998246029137139E+000  0.592019029418376E-001  0.173648177700000E+000 -0.583024930094752E-001  0.983080428895718E+000 -0.236944745371800E+000 -0.247344079647070E-002  0.417064710877356E-001
  0.387500000000000E+000 -0.461613793533972E+002  0.196697840321223E+001  0.405221309999201E+003  0.208001828541761E+001  0.573404438704504E+001  0.951436382110018E+000  0.984807753000000E+000  0.983624863278837E-002 -0.173369368203742E+000  0.000000000000000E+000  0.998394400102836E+000  0.566446982805762E-001  0.173648177700000E+000 -0.557841380330572E-001  0.983226545773057E+000 -0.236944745371800E+000 -0.236660142104888E-002  0.417126699898204E-001
  0.393750000000000E+000 -0.461622546096649E+002  0.203297623442045E+001  0.405221107136478E+003  0.215872090835065E+001  0.573403979509640E+001  0.983732865580095E+000  0.984807753000000E+000  0.937697743666593E-002 -0.173394815126298E+000  0.000000000000000E+000  0.998540943089309E+000  0.539998608730919E-001  0.173648177700000E+000 -0.531794816487422E-001  0.983370862442283E+000 -0.236944745371800E+000 -0.225610077126182E-002  0.417187925193873E-001
  0.400000000000000E+000 -0.461631119247700E+002  0.209583928971384E+001  0.405220899921379E+003  0.223409497296193E+001  0.573403502964958E+001  0.101451246982457E+001  0.984807753000000E+000  0.890319384686467E-002 -0.173419787676770E+000  0.000000000000000E+000  0.998684754275828E+000  0.512714499212661E-001  0.173648177700000E+000 -0.504925213900141E-001  0.983512488813735E+000 -0.236944745371800E+000 -0.214210843955564E-002  0.417248009150308E-001
  0.406250000000000E+000 -0.461639460422526E+002  0.215547062367170E+001  0.405220689859694E+003  0.230602424269776E+001  0.573403010683019E+001  0.104372773311723E+001  0.984807753000000E+000  0.841562585884814E-002 -0.173444131811758E+000  0.000000000000000E+000  0.998824946561812E+000  0.484636577838855E-001  0.173648177700000E+000 -0.477273859243093E-001  0.983650551263883E+000 -0.236944745371800E+000 -0.202479958163886E-002  0.417306581139091E-001
  0.412500000000000E+000 -0.461647518204011E+002  0.221177831949537E+001  0.405220478374746E+003  0.237439778343597E+001  0.573402503306564E+001  0.107133361795234E+001  0.984807753000000E+000  0.791502350337305E-002 -0.173467697342969E+000  0.000000000000000E+000  0.998960655047340E+000  0.455808037159324E-001  0.173648177700000E+000 -0.448883288874214E-001  0.983784198032579E+000 -0.236944745371800E+000 -0.190435465491156E-002  0.417363279807183E-001
  0.418750000000000E+000 -0.461655243233879E+002  0.226467555039323E+001  0.405220266722975E+003  0.243911020115465E+001  0.573401986312278E+001  0.109728755143959E+001  0.984807753000000E+000  0.740215771452788E-002 -0.173490338865598E+000  0.000000000000000E+000  0.999091042379525E+000  0.426273273498791E-001  0.173648177700000E+000 -0.419797224638299E-001  0.983912604488208E+000 -0.236944745371800E+000 -0.178095914611541E-002  0.417417755310629E-001
  0.425000000000000E+000 -0.461662587824689E+002  0.231408081054006E+001  0.405220056193756E+003  0.250006171499365E+001  0.573401457210300E+001  0.112154951503897E+001  0.984807753000000E+000  0.687781915437346E-002 -0.173511916657648E+000  0.000000000000000E+000  0.999215303931449E+000  0.396077819270629E-001  0.173648177700000E+000 -0.390060507209048E-001  0.984034978227942E+000 -0.236944745371800E+000 -0.165480328854225E-002  0.417469671478300E-001
  0.431250000000000E+000 -0.461669507043842E+002  0.235991788847903E+001  0.405219848141674E+003  0.255715832421439E+001  0.573400923022949E+001  0.114408210105036E+001  0.984807753000000E+000  0.634281699580927E-002 -0.173532297544545E+000  0.000000000000000E+000  0.999332672781310E+000  0.365268272884920E-001  0.173648177700000E+000 -0.359719027061989E-001  0.984150563981246E+000 -0.236944745371800E+000 -0.152608176919171E-002  0.417518707892175E-001
  0.437500000000000E+000 -0.461675953983940E+002  0.240211541140132E+001  0.405219645650142E+003  0.261031186517105E+001  0.573400344612853E+001  0.116485038609343E+001  0.984807753000000E+000  0.579797766551169E-002 -0.173551355723662E+000  0.000000000000000E+000  0.999442424460650E+000  0.333892226357161E-001  0.173648177700000E+000 -0.328819653182963E-001  0.984258648285965E+000 -0.236944745371800E+000 -0.139499342632211E-002  0.417564561871130E-001
  0.443750000000000E+000 -0.461681891207327E+002  0.244060881020889E+001  0.405219449418106E+003  0.265944042206863E+001  0.573399746585333E+001  0.118382248364224E+001  0.984807753000000E+000  0.524414354901012E-002 -0.173568973543569E+000  0.000000000000000E+000  0.999543881441890E+000  0.301998190736563E-001  0.173648177700000E+000 -0.297410159629340E-001  0.984358563907686E+000 -0.236944745371800E+000 -0.126174093789184E-002  0.417606950345827E-001
  0.450000000000000E+000 -0.461687284352278E+002  0.247533899093721E+001  0.405219259931027E+003  0.270446826845821E+001  0.573399150171161E+001  0.120096920617300E+001  0.984807753000000E+000  0.468217166018155E-002 -0.173585042233124E+000  0.000000000000000E+000  0.999636417336983E+000  0.269635519485302E-001  0.173648177700000E+000 -0.265539150073308E-001  0.984449693974605E+000 -0.236944745371800E+000 -0.112653050143968E-002  0.417645611612896E-001
  0.456250000000000E+000 -0.461692100713661E+002  0.250625243844148E+001  0.405219078064922E+003  0.274532597401431E+001  0.573398564299556E+001  0.121626412936536E+001  0.984807753000000E+000  0.411293227765197E-002 -0.173599462575810E+000  0.000000000000000E+000  0.999719460780788E+000  0.236854329952002E-001  0.173648177700000E+000 -0.233255980468352E-001  0.984531475801900E+000 -0.236944745371800E+000 -0.989571506003064E-003  0.417680306957400E-001
  0.462500000000000E+000 -0.461696311112700E+002  0.253330151602430E+001  0.405218904971173E+003  0.278195050921124E+001  0.573397990765580E+001  0.122968366716199E+001  0.984807753000000E+000  0.353730755079055E-002 -0.173612145525081E+000  0.000000000000000E+000  0.999792498974672E+000  0.203705423094144E-001  0.173648177700000E+000 -0.200610679991258E-001  0.984603404381502E+000 -0.236944745371800E+000 -0.851076196720207E-003  0.417710822133345E-001
  0.468750000000000E+000 -0.461699888474644E+002  0.255644452128551E+001  0.405218741636109E+003  0.281428542287576E+001  0.573397436058077E+001  0.124120715464663E+001  0.984807753000000E+000  0.295619007816786E-002 -0.173623012756813E+000  0.000000000000000E+000  0.999855080867993E+000  0.170240201614731E-001  0.173648177700000E+000 -0.167653870422470E-001  0.984665035515242E+000 -0.236944745371800E+000 -0.711259332807187E-003  0.417736968692893E-001
  0.475000000000000E+000 -0.461702810921894E+002  0.257564576477680E+001  0.405218589056101E+003  0.284228086333077E+001  0.573396904358020E+001  0.125081681628772E+001  0.984807753000000E+000  0.237048146152073E-002 -0.173631997155396E+000  0.000000000000000E+000  0.999906819957350E+000  0.136510586688450E-001  0.173648177700000E+000 -0.134436684137364E-001  0.984715988571573E+000 -0.236944745371800E+000 -0.570337839641887E-003  0.417758585155882E-001
  0.481250000000000E+000 -0.461705060802799E+002  0.259087564393295E+001  0.405218448152944E+003  0.286589365982901E+001  0.573396398871722E+001  0.125849782776112E+001  0.984807753000000E+000  0.178109083842073E-002 -0.173639043230364E+000  0.000000000000000E+000  0.999947396685889E+000  0.102568933461415E-001  0.173648177700000E+000 -0.101010680889743E-001  0.984755948848430E+000 -0.236944745371800E+000 -0.428530455724027E-003  0.417775538012255E-001
  0.487500000000000E+000 -0.461706624227625E+002  0.260211068248567E+001  0.405218319756976E+003  0.288508740358680E+001  0.573395923181344E+001  0.126423834928653E+001  0.984807753000000E+000  0.118893339697944E-002 -0.173644107460945E+000  0.000000000000000E+000  0.999976560427477E+000  0.684679455164499E-002  0.173648177700000E+000 -0.674277635765815E-002  0.984784669527252E+000 -0.236944745371800E+000 -0.286057375313254E-003  0.417787722551034E-001
  0.493750000000000E+000 -0.461707491548845E+002  0.260933356340596E+001  0.405218204632650E+003  0.289983249843129E+001  0.573395480599252E+001  0.126802953288821E+001  0.984807753000000E+000  0.594928876039950E-003 -0.173647158566339E+000  0.000000000000000E+000  0.999994131043155E+000  0.342605885025622E-002  0.173648177700000E+000 -0.337400931796659E-002  0.984801973205797E+000 -0.236944745371800E+000 -0.143139887575212E-003  0.417795063510611E-001
  0.500000000000000E+000 -0.461707657410377E+002  0.261253315554804E+001  0.405218103475934E+003  0.291010620763713E+001  0.573395074045390E+001  0.126986553611975E+001  0.984807753000000E+000  0.543985109594199E-010 -0.173648177700000E+000  0.000000000000000E+000  0.100000000000000E+001  0.313268539180414E-009  0.173648177700000E+000 -0.308509286155856E-009  0.984807753000000E+000 -0.236944745371800E+000 -0.130882817368364E-010  0.417797515546200E-001
  0.506250000000000E+000 -0.461707120783092E+002  0.261170453082827E+001  0.405218016900444E+003  0.291589268956391E+001  0.573394706159547E+001  0.126974353108782E+001  0.984807753000000E+000 -0.594928767327445E-003 -0.173647158566711E+000  0.000000000000000E+000  0.999994131045300E+000 -0.342605822420585E-002  0.173648177700000E+000  0.337400870142734E-002  0.984801973207909E+000 -0.236944745371800E+000  0.143139861418983E-003  0.417795063511507E-001
  0.512500000000000E+000 -0.461705884965706E+002  0.260684897172660E+001  0.405217945434275E+003  0.291718302307858E+001  0.573394379250154E+001  0.126766370878376E+001  0.984807753000000E+000 -0.118893328852036E-002 -0.173644107461688E+000  0.000000000000000E+000  0.999976560431754E+000 -0.684679392705404E-002  0.173648177700000E+000  0.674277574255613E-002  0.984784669531464E+000 -0.236944745371800E+000  0.286057349217999E-003  0.417787722552821E-001
  0.518750000000000E+000 -0.461703957580506E+002  0.259797396913487E+001  0.405217889507075E+003  0.291397521932450E+001  0.573394095519234E+001  0.126362927877505E+001  0.984807753000000E+000 -0.178109073038353E-002 -0.173639043231472E+000  0.000000000000000E+000  0.999947396692270E+000 -0.102568927239801E-001  0.173648177700000E+000  0.101010674762648E-001  0.984755948854714E+000 -0.236944745371800E+000  0.428530429730276E-003  0.417775538014921E-001
  0.525000000000000E+000 -0.461701350502371E+002  0.258509321109578E+001  0.405217849463711E+003  0.290627422698747E+001  0.573393856687093E+001  0.125764646425052E+001  0.984807753000000E+000 -0.237048135407320E-002 -0.173631997156863E+000  0.000000000000000E+000  0.999906819965797E+000 -0.136510580500794E-001  0.173648177700000E+000  0.134436678043712E-001  0.984715988579892E+000 -0.236944745371800E+000  0.570337813790011E-003  0.417758585159412E-001
  0.531250000000000E+000 -0.461698079800174E+002  0.256822656124286E+001  0.405217825542003E+003  0.289409192399735E+001  0.573393664324692E+001  0.124972449234115E+001  0.984807753000000E+000 -0.295618997147681E-002 -0.173623012758630E+000  0.000000000000000E+000  0.999855080878455E+000 -0.170240195470638E-001  0.173648177700000E+000  0.167653864371720E-001  0.984665035525544E+000 -0.236944745371800E+000  0.711259307137319E-003  0.417736968697263E-001
  0.537500000000000E+000 -0.461694165636875E+002  0.254740002818295E+001  0.405217817881182E+003  0.287744709898899E+001  0.573393519730671E+001  0.123987557985644E+001  0.984807753000000E+000 -0.353730744502155E-002 -0.173612145527236E+000  0.000000000000000E+000  0.999792498987083E+000 -0.203705417003150E-001  0.173648177700000E+000  0.200610673992800E-001  0.984603404393724E+000 -0.236944745371800E+000  0.851076171272186E-003  0.417710822138530E-001
