 # Integral loads: N.components: 1
 #                 Ref.sys     : MomentRef
 #                 Components  : wing
 #  t , Fx , Fy , Fz , Mx , My , Mz , ref_mat(9) , ref_off(3) 
  0.000000000000000E+000  0.387912190536304E+002 -0.211619857366936E+000 -0.359308039630380E+002 -0.463365000933009E+001  0.801654810465754E+001 -0.870336097644595E-001  0.100000000000000E+001  0.000000000000000E+000  0.000000000000000E+000  0.000000000000000E+000  0.100000000000000E+001  0.000000000000000E+000  0.000000000000000E+000  0.000000000000000E+000  0.100000000000000E+001 -0.240600000000000E+000  0.000000000000000E+000  0.000000000000000E+000
  0.625000000000000E-002  0.575317721741371E+001  0.492567000172472E-002 -0.882024455153824E+001 -0.293297664686331E+001  0.217266122167506E+001  0.529026117900278E-001  0.100000000000000E+001  0.000000000000000E+000  0.000000000000000E+000  0.000000000000000E+000  0.999994131044214E+000  0.342605854104601E-002  0.000000000000000E+000 -0.342605854104601E-002  0.999994131044214E+000 -0.240600000000000E+000  0.000000000000000E+000  0.000000000000000E+000
  0.125000000000000E-001  0.574846170858134E+001  0.109349644000896E-001 -0.779334317264030E+001 -0.294692156274619E+001  0.215111095530725E+001  0.597991176524378E-001  0.100000000000000E+001  0.000000000000000E+000  0.000000000000000E+000  0.000000000000000E+000  0.999976560429563E+000  0.684679424696160E-002  0.000000000000000E+000 -0.684679424696160E-002  0.999976560429563E+000 -0.240600000000000E+000  0.000000000000000E+000  0.000000000000000E+000
  0.187500000000000E-001  0.574673781308747E+001  0.137272504126283E-001 -0.759313490444079E+001 -0.295712011499585E+001  0.216306804162146E+001  0.621109315398128E-001  0.100000000000000E+001  0.000000000000000E+000  0.000000000000000E+000  0.000000000000000E+000  0.999947396688963E+000  0.102568930464345E-001  0.000000000000000E+000 -0.102568930464345E-001  0.999947396688963E+000 -0.240600000000000E+000  0.000000000000000E+000  0.000000000000000E+000
  0.250000000000000E-001  0.574786588345759E+001  0.147438082657615E-001 -0.743059459039685E+001 -0.295091059492712E+001  0.217222515931264E+001  0.627565790269316E-001  0.100000000000000E+001  0.000000000000000E+000  0.000000000000000E+000  0.000000000000000E+000  0.999906819961368E+000  0.136510583745444E-001  0.000000000000000E+000 -0.136510583745444E-001  0.999906819961368E+000 -0.240600000000000E+000  0.000000000000000E+000  0.000000000000000E+000
  0.312500000000000E-001  0.574932005968432E+001  0.151863926278745E-001 -0.729679146118807E+001 -0.293233217481605E+001  0.217691537971023E+001  0.627347221888445E-001  0.100000000000000E+001  0.000000000000000E+000  0.000000000000000E+000  0.000000000000000E+000  0.999855080872905E+000  0.170240198729885E-001  0.000000000000000E+000 -0.170240198729885E-001  0.999855080872905E+000 -0.240600000000000E+000  0.000000000000000E+000  0.000000000000000E+000
  0.375000000000000E-001  0.575079013180689E+001  0.150989625420589E-001 -0.718378599897954E+001 -0.290848392147049E+001  0.217994516875310E+001  0.622949891400792E-001  0.100000000000000E+001  0.000000000000000E+000  0.000000000000000E+000  0.000000000000000E+000  0.999792498980424E+000  0.203705420271346E-001  0.000000000000000E+000 -0.203705420271346E-001  0.999792498980424E+000 -0.240600000000000E+000  0.000000000000000E+000  0.000000000000000E+000
  0.437500000000000E-001  0.575209273927592E+001  0.149924846735565E-001 -0.709677674788479E+001 -0.287842585577727E+001  0.218233336401580E+001  0.616881509549675E-001  0.100000000000000E+001  0.000000000000000E+000  0.000000000000000E+000  0.000000000000000E+000  0.999719460787320E+000  0.236854327194926E-001  0.000000000000000E+000 -0.236854327194926E-001  0.999719460787320E+000 -0.240600000000000E+000  0.000000000000000E+000  0.000000000000000E+000
  0.500000000000000E-001  0.575271650961787E+001  0.141622940759031E-001 -0.701650246519348E+001 -0.284628495985973E+001  0.218350889259251E+001  0.608442860947929E-001  0.100000000000000E+001  0.000000000000000E+000  0.000000000000000E+000  0.000000000000000E+000  0.999636417344233E+000  0.269635516797402E-001  0.000000000000000E+000 -0.269635516797402E-001  0.999636417344233E+000 -0.240600000000000E+000  0.000000000000000E+000  0.000000000000000E+000
  0.562500000000000E-001  0.575360220141589E+001  0.140481238565891E-001 -0.696574992661066E+001 -0.280733203399596E+001  0.218510935516407E+001  0.600925186177963E-001  0.100000000000000E+001  0.000000000000000E+000  0.000000000000000E+000  0.000000000000000E+000  0.999543881449792E+000  0.301998188121072E-001  0.000000000000000E+000 -0.301998188121072E-001  0.999543881449792E+000 -0.240600000000000E+000  0.000000000000000E+000  0.000000000000000E+000
  0.625000000000000E-001  0.575396141317670E+001  0.136020008729550E-001 -0.690567668665883E+001 -0.276438938784307E+001  0.218541548040090E+001  0.592074893401649E-001  0.100000000000000E+001  0.000000000000000E+000  0.000000000000000E+000  0.000000000000000E+000  0.999442424469136E+000  0.333892223817083E-001  0.000000000000000E+000 -0.333892223817083E-001  0.999442424469136E+000 -0.240600000000000E+000  0.000000000000000E+000  0.000000000000000E+000
  0.687500000000000E-001  0.575435295081133E+001  0.135413979881471E-001 -0.684100526465576E+001 -0.271596439597354E+001  0.218554870151531E+001  0.583001937204150E-001  0.100000000000000E+001  0.000000000000000E+000  0.000000000000000E+000  0.000000000000000E+000  0.999332672790308E+000  0.365268270423030E-001  0.000000000000000E+000 -0.365268270423030E-001  0.999332672790308E+000 -0.240600000000000E+000  0.000000000000000E+000  0.000000000000000E+000
  0.750000000000000E-001  0.575485267063711E+001  0.133158781978378E-001 -0.679181468876726E+001 -0.266249960179613E+001  0.218632570773749E+001  0.573226790482532E-001  0.100000000000000E+001  0.000000000000000E+000  0.000000000000000E+000  0.000000000000000E+000  0.999215303940888E+000  0.396077816889469E-001  0.000000000000000E+000 -0.396077816889469E-001  0.999215303940888E+000 -0.240600000000000E+000  0.000000000000000E+000  0.000000000000000E+000
  0.812500000000000E-001  0.575541136290704E+001  0.134895095879997E-001 -0.672833131554516E+001 -0.260510352773266E+001  0.218541817259393E+001  0.562760764234789E-001  0.100000000000000E+001  0.000000000000000E+000  0.000000000000000E+000  0.000000000000000E+000  0.999091042389330E+000  0.426273271200671E-001  0.000000000000000E+000 -0.426273271200671E-001  0.999091042389330E+000 -0.240600000000000E+000  0.000000000000000E+000  0.000000000000000E+000
  0.875000000000000E-001  0.575621283755297E+001  0.132337150854941E-001 -0.668860294518319E+001 -0.254281175344330E+001  0.218650236519464E+001  0.551741299632220E-001  0.100000000000000E+001  0.000000000000000E+000  0.000000000000000E+000  0.000000000000000E+000  0.998960655057437E+000  0.455808034946315E-001  0.000000000000000E+000 -0.455808034946315E-001  0.998960655057437E+000 -0.240600000000000E+000  0.000000000000000E+000  0.000000000000000E+000
  0.937500000000000E-001  0.575731183324022E+001  0.134932282656548E-001 -0.666440679477960E+001 -0.247427922100364E+001  0.218849962707976E+001  0.541288478772825E-001  0.100000000000000E+001  0.000000000000000E+000  0.000000000000000E+000  0.000000000000000E+000  0.998824946572128E+000  0.484636575712795E-001  0.000000000000000E+000 -0.484636575712795E-001  0.998824946572128E+000 -0.240600000000000E+000  0.000000000000000E+000  0.000000000000000E+000
  0.100000000000000E+000  0.575819010551667E+001  0.135097085310585E-001 -0.662493212180777E+001 -0.240611588152591E+001  0.218836295369205E+001  0.528157721551951E-001  0.100000000000000E+001  0.000000000000000E+000  0.000000000000000E+000  0.000000000000000E+000  0.998684754286288E+000  0.512714497175149E-001  0.000000000000000E+000 -0.512714497175149E-001  0.998684754286288E+000 -0.240600000000000E+000  0.000000000000000E+000  0.000000000000000E+000
  0.106250000000000E+000  0.575886981312712E+001  0.133186551170207E-001 -0.658475468458208E+001 -0.233395458122748E+001  0.218825670498678E+001  0.514369039731504E-001  0.100000000000000E+001  0.000000000000000E+000  0.000000000000000E+000  0.000000000000000E+000  0.998540943099841E+000  0.539998606783319E-001  0.000000000000000E+000 -0.539998606783319E-001  0.998540943099841E+000 -0.240600000000000E+000  0.000000000000000E+000  0.000000000000000E+000
  0.112500000000000E+000  0.575974684547888E+001  0.134098513619465E-001 -0.655154985726666E+001 -0.225631291485718E+001  0.218899692715436E+001  0.501036531997923E-001  0.100000000000000E+001  0.000000000000000E+000  0.000000000000000E+000  0.000000000000000E+000  0.998394400113370E+000  0.566446980949204E-001  0.000000000000000E+000 -0.566446980949204E-001  0.998394400113370E+000 -0.240600000000000E+000  0.000000000000000E+000  0.000000000000000E+000
  0.118750000000000E+000  0.576067716777794E+001  0.133051722485022E-001 -0.652937928970568E+001 -0.217612757865226E+001  0.218980608290524E+001  0.486413167126260E-001  0.100000000000000E+001  0.000000000000000E+000  0.000000000000000E+000  0.000000000000000E+000  0.998246029147604E+000  0.592019027653755E-001  0.000000000000000E+000 -0.592019027653755E-001  0.998246029147604E+000 -0.240600000000000E+000  0.000000000000000E+000  0.000000000000000E+000
  0.125000000000000E+000  0.576148688051709E+001  0.132585370404679E-001 -0.649583296330009E+001 -0.209253878360333E+001  0.218996021391328E+001  0.471186229857328E-001  0.100000000000000E+001  0.000000000000000E+000  0.000000000000000E+000  0.000000000000000E+000  0.998096745162837E+000  0.616675546405995E-001  0.000000000000000E+000 -0.616675546405995E-001  0.998096745162837E+000 -0.240600000000000E+000  0.000000000000000E+000  0.000000000000000E+000
  0.131250000000000E+000  0.576228969714370E+001  0.130314600974044E-001 -0.646492208031005E+001 -0.200649532454728E+001  0.219024587969667E+001  0.455007753282212E-001  0.100000000000000E+001  0.000000000000000E+000  0.000000000000000E+000  0.000000000000000E+000  0.997947468612872E+000  0.640378785498139E-001  0.000000000000000E+000 -0.640378785498139E-001  0.997947468612872E+000 -0.240600000000000E+000  0.000000000000000E+000  0.000000000000000E+000
  0.137500000000000E+000  0.576311979397739E+001  0.128373602911591E-001 -0.643992287490701E+001 -0.191674865491112E+001  0.219087750423785E+001  0.438375191871626E-001  0.100000000000000E+001  0.000000000000000E+000  0.000000000000000E+000  0.000000000000000E+000  0.997799119768445E+000  0.663092496512910E-001  0.000000000000000E+000 -0.663092496512910E-001  0.997799119768445E+000 -0.240600000000000E+000  0.000000000000000E+000  0.000000000000000E+000
  0.143750000000000E+000  0.576417009634928E+001  0.130978966997182E-001 -0.643219199883583E+001 -0.181672675637596E+001  0.219234051385241E+001  0.424132882246563E-001  0.100000000000000E+001  0.000000000000000E+000  0.000000000000000E+000  0.000000000000000E+000  0.997652613045146E+000  0.684781986050486E-001  0.000000000000000E+000 -0.684781986050486E-001  0.997652613045146E+000 -0.240600000000000E+000  0.000000000000000E+000  0.000000000000000E+000
  0.150000000000000E+000  0.576480246575709E+001  0.128701640939101E-001 -0.639497134686090E+001 -0.172071640476788E+001  0.219171679533550E+001  0.405436789220128E-001  0.100000000000000E+001  0.000000000000000E+000  0.000000000000000E+000  0.000000000000000E+000  0.997508851370787E+000  0.705414164653163E-001  0.000000000000000E+000 -0.705414164653163E-001  0.997508851370787E+000 -0.240600000000000E+000  0.000000000000000E+000  0.000000000000000E+000
  0.156250000000000E+000  0.576559829528286E+001  0.126555370996703E-001 -0.637022505462565E+001 -0.162191951993628E+001  0.219194767533236E+001  0.386770510167324E-001  0.100000000000000E+001  0.000000000000000E+000  0.000000000000000E+000  0.000000000000000E+000  0.997368720626799E+000  0.724957592915752E-001  0.000000000000000E+000 -0.724957592915752E-001  0.997368720626799E+000 -0.240600000000000E+000  0.000000000000000E+000  0.000000000000000E+000
  0.162500000000000E+000  0.576643818346035E+001  0.123871120348271E-001 -0.635384141419525E+001 -0.152163567596114E+001  0.219271641384841E+001  0.367508671341532E-001  0.100000000000000E+001  0.000000000000000E+000  0.000000000000000E+000  0.000000000000000E+000  0.997233084197739E+000  0.743382524778740E-001  0.000000000000000E+000 -0.743382524778740E-001  0.997233084197739E+000 -0.240600000000000E+000  0.000000000000000E+000  0.000000000000000E+000
  0.168750000000000E+000  0.576732854303803E+001  0.121103857399526E-001 -0.633947798532436E+001 -0.142185358664274E+001  0.219395763927061E+001  0.347025022725006E-001  0.100000000000000E+001  0.000000000000000E+000  0.000000000000000E+000  0.000000000000000E+000  0.997102777662230E+000  0.760660948009338E-001  0.000000000000000E+000 -0.760660948009338E-001  0.997102777662230E+000 -0.240600000000000E+000  0.000000000000000E+000  0.000000000000000E+000
  0.175000000000000E+000  0.576796985671006E+001  0.120149663002733E-001 -0.631654619239345E+001 -0.131689800986054E+001  0.219407004824524E+001  0.327660010655150E-001  0.100000000000000E+001  0.000000000000000E+000  0.000000000000000E+000  0.000000000000000E+000  0.996978603657717E+000  0.776766621882652E-001  0.000000000000000E+000 -0.776766621882652E-001  0.996978603657717E+000 -0.240600000000000E+000  0.000000000000000E+000  0.000000000000000E+000
  0.181250000000000E+000  0.576863547124861E+001  0.119131804878199E-001 -0.629797261385130E+001 -0.120975186944278E+001  0.219434098142359E+001  0.307637845367265E-001  0.100000000000000E+001  0.000000000000000E+000  0.000000000000000E+000  0.000000000000000E+000  0.996861326950299E+000  0.791675112081215E-001  0.000000000000000E+000 -0.791675112081215E-001  0.996861326950299E+000 -0.240600000000000E+000  0.000000000000000E+000  0.000000000000000E+000
  0.187500000000000E+000  0.576942269781275E+001  0.117898349936556E-001 -0.629085302731764E+001 -0.109960589364530E+001  0.219532644244199E+001  0.287559685290703E-001  0.100000000000000E+001  0.000000000000000E+000  0.000000000000000E+000  0.000000000000000E+000  0.996751669739594E+000  0.805363822836098E-001  0.000000000000000E+000 -0.805363822836098E-001  0.996751669739594E+000 -0.240600000000000E+000  0.000000000000000E+000  0.000000000000000E+000
  0.193750000000000E+000  0.577004538913233E+001  0.116314019549164E-001 -0.627786685715615E+001 -0.988717240504513E+000  0.219562978089659E+001  0.266524753960151E-001  0.100000000000000E+001  0.000000000000000E+000  0.000000000000000E+000  0.000000000000000E+000  0.996650307227059E+000  0.817812026336645E-001  0.000000000000000E+000 -0.817812026336645E-001  0.996650307227059E+000 -0.240600000000000E+000  0.000000000000000E+000  0.000000000000000E+000
  0.200000000000000E+000  0.577049082195438E+001  0.114267869246774E-001 -0.625503839280703E+001 -0.876656195255504E+000  0.219539523673524E+001  0.244972343835061E-001  0.100000000000000E+001  0.000000000000000E+000  0.000000000000000E+000  0.000000000000000E+000  0.996557863474620E+000  0.829000889438659E-001  0.000000000000000E+000 -0.829000889438659E-001  0.996557863474620E+000 -0.240600000000000E+000  0.000000000000000E+000  0.000000000000000E+000
  0.206250000000000E+000  0.577111580067763E+001  0.113323849111198E-001 -0.624606091181101E+001 -0.762372114335282E+000  0.219605423438037E+001  0.223556859586643E-001  0.100000000000000E+001  0.000000000000000E+000  0.000000000000000E+000  0.000000000000000E+000  0.996474907578573E+000  0.838913497702485E-001  0.000000000000000E+000 -0.838913497702485E-001  0.996474907578573E+000 -0.240600000000000E+000  0.000000000000000E+000  0.000000000000000E+000
  0.212500000000000E+000  0.577150237793923E+001  0.111392693153300E-001 -0.622978731067766E+001 -0.647950453679440E+000  0.219636963060119E+001  0.201254976021028E-001  0.100000000000000E+001  0.000000000000000E+000  0.000000000000000E+000  0.000000000000000E+000  0.996401950181849E+000  0.847534876793123E-001  0.000000000000000E+000 -0.847534876793123E-001  0.996401950181849E+000 -0.240600000000000E+000  0.000000000000000E+000  0.000000000000000E+000
  0.218750000000000E+000  0.577202709376426E+001  0.110447192995006E-001 -0.622607865494749E+001 -0.531464910353500E+000  0.219713644282928E+001  0.179245781621629E-001  0.100000000000000E+001  0.000000000000000E+000  0.000000000000000E+000  0.000000000000000E+000  0.996339440345612E+000  0.854852011274048E-001  0.000000000000000E+000 -0.854852011274048E-001  0.996339440345612E+000 -0.240600000000000E+000  0.000000000000000E+000  0.000000000000000E+000
  0.225000000000000E+000  0.577237574781161E+001  0.108438588392095E-001 -0.621832856326133E+001 -0.414772439715048E+000  0.219745522795077E+001  0.156664907673241E-001  0.100000000000000E+001  0.000000000000000E+000  0.000000000000000E+000  0.000000000000000E+000  0.996287762798994E+000  0.860853860825152E-001  0.000000000000000E+000 -0.860853860825152E-001  0.996287762798994E+000 -0.240600000000000E+000  0.000000000000000E+000  0.000000000000000E+000
  0.231250000000000E+000  0.577261630525459E+001  0.106068642021766E-001 -0.620965678674285E+001 -0.297524126818777E+000  0.219766930654200E+001  0.133844344296306E-001  0.100000000000000E+001  0.000000000000000E+000  0.000000000000000E+000  0.000000000000000E+000  0.996247235583478E+000  0.865531373913017E-001  0.000000000000000E+000 -0.865531373913017E-001  0.996247235583478E+000 -0.240600000000000E+000  0.000000000000000E+000  0.000000000000000E+000
  0.237500000000000E+000  0.577274666974820E+001  0.103679391828581E-001 -0.619919794649990E+001 -0.179552112773541E+000  0.219769640568353E+001  0.110969742563384E-001  0.100000000000000E+001  0.000000000000000E+000  0.000000000000000E+000  0.000000000000000E+000  0.996218108106041E+000  0.868877498938738E-001  0.000000000000000E+000 -0.868877498938738E-001  0.996218108106041E+000 -0.240600000000000E+000  0.000000000000000E+000  0.000000000000000E+000
  0.243750000000000E+000  0.577284979850476E+001  0.101066800884896E-001 -0.619060061408079E+001 -0.615959689596853E-001  0.219791896188663E+001  0.878383824834211E-002  0.100000000000000E+001  0.000000000000000E+000  0.000000000000000E+000  0.000000000000000E+000  0.996200559612717E+000  0.870887192884944E-001  0.000000000000000E+000 -0.870887192884944E-001  0.996200559612717E+000 -0.240600000000000E+000  0.000000000000000E+000  0.000000000000000E+000
  0.250000000000000E+000  0.577288729049039E+001  0.985204700845453E-002 -0.618326521357635E+001  0.564237584145830E-001  0.219816402910405E+001  0.646187720025194E-002  0.100000000000000E+001  0.000000000000000E+000  0.000000000000000E+000  0.000000000000000E+000  0.996194698091721E+000  0.871557427479406E-001  0.000000000000000E+000 -0.871557427479406E-001  0.996194698091721E+000 -0.240600000000000E+000  0.000000000000000E+000  0.000000000000000E+000
  0.256250000000000E+000  0.577287791219394E+001  0.953490637846570E-002 -0.617887576083245E+001  0.174353641724451E+000  0.219845306156381E+001  0.412889720888403E-002  0.100000000000000E+001  0.000000000000000E+000  0.000000000000000E+000  0.000000000000000E+000  0.996200559612690E+000  0.870887192888009E-001  0.000000000000000E+000 -0.870887192888009E-001  0.996200559612690E+000 -0.240600000000000E+000  0.000000000000000E+000  0.000000000000000E+000
  0.262500000000000E+000  0.577277059124076E+001  0.925887793350830E-002 -0.617322948803915E+001  0.292069029885849E+000  0.219866199516515E+001  0.179751951458067E-002  0.100000000000000E+001  0.000000000000000E+000  0.000000000000000E+000  0.000000000000000E+000  0.996218108105988E+000  0.868877498944863E-001  0.000000000000000E+000 -0.868877498944863E-001  0.996218108105988E+000 -0.240600000000000E+000  0.000000000000000E+000  0.000000000000000E+000
  0.268750000000000E+000  0.577260050881295E+001  0.897594432435360E-002 -0.616900267300688E+001  0.409367773317477E+000  0.219887628200594E+001 -0.534809045390268E-003  0.100000000000000E+001  0.000000000000000E+000  0.000000000000000E+000  0.000000000000000E+000  0.996247235583399E+000  0.865531373922193E-001  0.000000000000000E+000 -0.865531373922193E-001  0.996247235583399E+000 -0.240600000000000E+000  0.000000000000000E+000  0.000000000000000E+000
  0.275000000000000E+000  0.577259407323815E+001  0.865120461966125E-002 -0.618893338840108E+001  0.526067708835732E+000  0.219946776941513E+001 -0.287230772452471E-002  0.100000000000000E+001  0.000000000000000E+000  0.000000000000000E+000  0.000000000000000E+000  0.996287762798888E+000  0.860853860837365E-001  0.000000000000000E+000 -0.860853860837365E-001  0.996287762798888E+000 -0.240600000000000E+000  0.000000000000000E+000  0.000000000000000E+000
  0.281250000000000E+000  0.577240788276369E+001  0.826885211765112E-002 -0.620335227930680E+001  0.641582915353493E+000  0.219967779073519E+001 -0.522541917162632E-002  0.100000000000000E+001  0.000000000000000E+000  0.000000000000000E+000  0.000000000000000E+000  0.996339440345481E+000  0.854852011289279E-001  0.000000000000000E+000 -0.854852011289279E-001  0.996339440345481E+000 -0.240600000000000E+000  0.000000000000000E+000  0.000000000000000E+000
  0.287500000000000E+000  0.577187330148615E+001  0.796708011002807E-002 -0.619445400600015E+001  0.756490908291428E+000  0.219919585515498E+001 -0.754656590438594E-002  0.100000000000000E+001  0.000000000000000E+000  0.000000000000000E+000  0.000000000000000E+000  0.996401950181694E+000  0.847534876811350E-001  0.000000000000000E+000 -0.847534876811350E-001  0.996401950181694E+000 -0.240600000000000E+000  0.000000000000000E+000  0.000000000000000E+000
  0.293750000000000E+000  0.577142413193723E+001  0.756427021112451E-002 -0.619601092673216E+001  0.870195239273159E+000  0.219914210275221E+001 -0.986671924057886E-002  0.100000000000000E+001  0.000000000000000E+000  0.000000000000000E+000  0.000000000000000E+000  0.996474907578395E+000  0.838913497723680E-001  0.000000000000000E+000 -0.838913497723680E-001  0.996474907578395E+000 -0.240600000000000E+000  0.000000000000000E+000  0.000000000000000E+000
  0.300000000000000E+000  0.577093507954274E+001  0.717713657109736E-002 -0.619845221457362E+001  0.982592985200009E+000  0.219917073055642E+001 -0.121688910071345E-001  0.100000000000000E+001  0.000000000000000E+000  0.000000000000000E+000  0.000000000000000E+000  0.996557863474419E+000  0.829000889462789E-001  0.000000000000000E+000 -0.829000889462789E-001  0.996557863474419E+000 -0.240600000000000E+000  0.000000000000000E+000  0.000000000000000E+000
  0.306250000000000E+000  0.577031817731111E+001  0.680051608228335E-002 -0.619400272278543E+001  0.109401177458153E+001  0.219880646960026E+001 -0.144273696299869E-001  0.100000000000000E+001  0.000000000000000E+000  0.000000000000000E+000  0.000000000000000E+000  0.996650307226837E+000  0.817812026363676E-001  0.000000000000000E+000 -0.817812026363676E-001  0.996650307226837E+000 -0.240600000000000E+000  0.000000000000000E+000  0.000000000000000E+000
  0.312500000000000E+000  0.576971203961141E+001  0.640112042457514E-002 -0.619372092838864E+001  0.120323289418930E+001  0.219879296832201E+001 -0.166907199753512E-001  0.100000000000000E+001  0.000000000000000E+000  0.000000000000000E+000  0.000000000000000E+000  0.996751669739352E+000  0.805363822865987E-001  0.000000000000000E+000 -0.805363822865987E-001  0.996751669739352E+000 -0.240600000000000E+000  0.000000000000000E+000  0.000000000000000E+000
  0.318750000000000E+000  0.576904864149527E+001  0.598838370318367E-002 -0.619345834854082E+001  0.131056320456791E+001  0.219880433837317E+001 -0.189279139608740E-001  0.100000000000000E+001  0.000000000000000E+000  0.000000000000000E+000  0.000000000000000E+000  0.996861326950040E+000  0.791675112113918E-001  0.000000000000000E+000 -0.791675112113918E-001  0.996861326950040E+000 -0.240600000000000E+000  0.000000000000000E+000  0.000000000000000E+000
  0.325000000000000E+000  0.576831904467659E+001  0.554836992532633E-002 -0.619242620280088E+001  0.141580150480309E+001  0.219878071492012E+001 -0.211385205440120E-001  0.100000000000000E+001  0.000000000000000E+000  0.000000000000000E+000  0.000000000000000E+000  0.996978603657440E+000  0.776766621918119E-001  0.000000000000000E+000 -0.776766621918119E-001  0.996978603657440E+000 -0.240600000000000E+000  0.000000000000000E+000  0.000000000000000E+000
  0.331250000000000E+000  0.576756956370295E+001  0.512266918348399E-002 -0.619374179086253E+001  0.151898506221815E+001  0.219888017706737E+001 -0.233099351371993E-001  0.100000000000000E+001  0.000000000000000E+000  0.000000000000000E+000  0.000000000000000E+000  0.997102777661939E+000  0.760660948047515E-001  0.000000000000000E+000 -0.760660948047515E-001  0.997102777661939E+000 -0.240600000000000E+000  0.000000000000000E+000  0.000000000000000E+000
  0.337500000000000E+000  0.576661326092247E+001  0.458505755880714E-002 -0.618470623394466E+001  0.161862265511811E+001  0.219841082401567E+001 -0.254827898727013E-001  0.100000000000000E+001  0.000000000000000E+000  0.000000000000000E+000  0.000000000000000E+000  0.997233084197435E+000  0.743382524819569E-001  0.000000000000000E+000 -0.743382524819569E-001  0.997233084197435E+000 -0.240600000000000E+000  0.000000000000000E+000  0.000000000000000E+000
  0.343750000000000E+000  0.576576177521222E+001  0.416827349151318E-002 -0.618135312863211E+001  0.171659106212038E+001  0.219840207866297E+001 -0.275621156595960E-001  0.100000000000000E+001  0.000000000000000E+000  0.000000000000000E+000  0.000000000000000E+000  0.997368720626484E+000  0.724957592959172E-001  0.000000000000000E+000 -0.724957592959172E-001  0.997368720626484E+000 -0.240600000000000E+000  0.000000000000000E+000  0.000000000000000E+000
  0.350000000000000E+000  0.576474774139513E+001  0.370534618287463E-002 -0.616838452549581E+001  0.181051273230186E+001  0.219781346925270E+001 -0.296459048498217E-001  0.100000000000000E+001  0.000000000000000E+000  0.000000000000000E+000  0.000000000000000E+000  0.997508851370462E+000  0.705414164699106E-001  0.000000000000000E+000 -0.705414164699106E-001  0.997508851370462E+000 -0.240600000000000E+000  0.000000000000000E+000  0.000000000000000E+000
  0.356250000000000E+000  0.576385594172829E+001  0.327164475922415E-002 -0.616339418944908E+001  0.190282423035875E+001  0.219790344441729E+001 -0.316236374751027E-001  0.100000000000000E+001  0.000000000000000E+000  0.000000000000000E+000  0.000000000000000E+000  0.997652613044814E+000  0.684781986098884E-001  0.000000000000000E+000 -0.684781986098884E-001  0.997652613044814E+000 -0.240600000000000E+000  0.000000000000000E+000  0.000000000000000E+000
  0.362500000000000E+000  0.576292189644094E+001  0.271103765883439E-002 -0.615966761723295E+001  0.199194202210421E+001  0.219800440373517E+001 -0.335848178055100E-001  0.100000000000000E+001  0.000000000000000E+000  0.000000000000000E+000  0.000000000000000E+000  0.997799119768107E+000  0.663092496563688E-001  0.000000000000000E+000 -0.663092496563688E-001  0.997799119768107E+000 -0.240600000000000E+000  0.000000000000000E+000  0.000000000000000E+000
  0.368750000000000E+000  0.576183576074511E+001  0.239542732242576E-002 -0.614835429527836E+001  0.208070484860274E+001  0.219724449707199E+001 -0.353628319857900E-001  0.100000000000000E+001  0.000000000000000E+000  0.000000000000000E+000  0.000000000000000E+000  0.997947468612531E+000  0.640378785551220E-001  0.000000000000000E+000 -0.640378785551220E-001  0.997947468612531E+000 -0.240600000000000E+000  0.000000000000000E+000  0.000000000000000E+000
  0.375000000000000E+000  0.576091604500946E+001  0.195826818975513E-002 -0.614342145172936E+001  0.216462798589036E+001  0.219729372360950E+001 -0.372026137902119E-001  0.100000000000000E+001  0.000000000000000E+000  0.000000000000000E+000  0.000000000000000E+000  0.998096745162495E+000  0.616675546461298E-001  0.000000000000000E+000 -0.616675546461298E-001  0.998096745162495E+000 -0.240600000000000E+000  0.000000000000000E+000  0.000000000000000E+000
  0.381250000000000E+000  0.576017639996695E+001  0.151332450311899E-002 -0.615507456518655E+001  0.224608298376167E+001  0.219837341875065E+001 -0.389628700929350E-001  0.100000000000000E+001  0.000000000000000E+000  0.000000000000000E+000  0.000000000000000E+000  0.998246029147263E+000  0.592019027711194E-001  0.000000000000000E+000 -0.592019027711194E-001  0.998246029147263E+000 -0.240600000000000E+000  0.000000000000000E+000  0.000000000000000E+000
  0.387500000000000E+000  0.575895156556214E+001  0.793329667033256E-003 -0.612658365977321E+001  0.231701757519772E+001  0.219648667968730E+001 -0.409218389837989E-001  0.100000000000000E+001  0.000000000000000E+000  0.000000000000000E+000  0.000000000000000E+000  0.998394400113032E+000  0.566446981008693E-001  0.000000000000000E+000 -0.566446981008693E-001  0.998394400113032E+000 -0.240600000000000E+000  0.000000000000000E+000  0.000000000000000E+000
  0.393750000000000E+000  0.575807283035386E+001  0.540790810080241E-003 -0.611606524082856E+001  0.238928824894960E+001  0.219626270771329E+001 -0.425105102357656E-001  0.100000000000000E+001  0.000000000000000E+000  0.000000000000000E+000  0.000000000000000E+000  0.998540943099509E+000  0.539998606844766E-001  0.000000000000000E+000 -0.539998606844766E-001  0.998540943099509E+000 -0.240600000000000E+000  0.000000000000000E+000  0.000000000000000E+000
  0.400000000000000E+000  0.575731966652532E+001  0.973288932836321E-004 -0.611722170581353E+001  0.245807849399992E+001  0.219677799329897E+001 -0.440697442108305E-001  0.100000000000000E+001  0.000000000000000E+000  0.000000000000000E+000  0.000000000000000E+000  0.998684754285963E+000  0.512714497238460E-001  0.000000000000000E+000 -0.512714497238460E-001  0.998684754285963E+000 -0.240600000000000E+000  0.000000000000000E+000  0.000000000000000E+000
  0.406250000000000E+000  0.575649737450238E+001 -0.273495510750032E-003 -0.610831135127085E+001  0.252221614020675E+001  0.219644228132802E+001 -0.455952012429029E-001  0.100000000000000E+001  0.000000000000000E+000  0.000000000000000E+000  0.000000000000000E+000  0.998824946571812E+000  0.484636575777872E-001  0.000000000000000E+000 -0.484636575777872E-001  0.998824946571812E+000 -0.240600000000000E+000  0.000000000000000E+000  0.000000000000000E+000
  0.412500000000000E+000  0.575572643548261E+001 -0.527507974619953E-003 -0.610325087352270E+001  0.258338446336692E+001  0.219633337009984E+001 -0.470179610421903E-001  0.100000000000000E+001  0.000000000000000E+000  0.000000000000000E+000  0.000000000000000E+000  0.998960655057132E+000  0.455808035013058E-001  0.000000000000000E+000 -0.455808035013058E-001  0.998960655057132E+000 -0.240600000000000E+000  0.000000000000000E+000  0.000000000000000E+000
  0.418750000000000E+000  0.575501246259454E+001 -0.110569004541199E-002 -0.611388828829148E+001  0.264216007264981E+001  0.219740929131835E+001 -0.483733166705573E-001  0.100000000000000E+001  0.000000000000000E+000  0.000000000000000E+000  0.000000000000000E+000  0.999091042389039E+000  0.426273271268977E-001  0.000000000000000E+000 -0.426273271268977E-001  0.999091042389039E+000 -0.240600000000000E+000  0.000000000000000E+000  0.000000000000000E+000
  0.425000000000000E+000  0.575432759294999E+001 -0.153664181334885E-002 -0.611763492148081E+001  0.269635132622311E+001  0.219763428683747E+001 -0.496627183344297E-001  0.100000000000000E+001  0.000000000000000E+000  0.000000000000000E+000  0.000000000000000E+000  0.999215303940611E+000  0.396077816959233E-001  0.000000000000000E+000 -0.396077816959233E-001  0.999215303940611E+000 -0.240600000000000E+000  0.000000000000000E+000  0.000000000000000E+000
  0.431250000000000E+000  0.575365627635791E+001 -0.200399435314367E-002 -0.611891247834080E+001  0.274557683254131E+001  0.219752451137345E+001 -0.509221509132303E-001  0.100000000000000E+001  0.000000000000000E+000  0.000000000000000E+000  0.000000000000000E+000  0.999332672790049E+000  0.365268270494144E-001  0.000000000000000E+000 -0.365268270494144E-001  0.999332672790049E+000 -0.240600000000000E+000  0.000000000000000E+000  0.000000000000000E+000
  0.437500000000000E+000  0.575264911643135E+001 -0.270464556108484E-002 -0.610026469857239E+001  0.278665260574164E+001  0.219562760852683E+001 -0.522473317056689E-001  0.100000000000000E+001  0.000000000000000E+000  0.000000000000000E+000  0.000000000000000E+000  0.999442424468894E+000  0.333892223889437E-001  0.000000000000000E+000 -0.333892223889437E-001  0.999442424468894E+000 -0.240600000000000E+000  0.000000000000000E+000  0.000000000000000E+000
  0.443750000000000E+000  0.575212774784248E+001 -0.332556807933069E-002 -0.612873331059580E+001  0.283080159950935E+001  0.219769985941760E+001 -0.532075319753671E-001  0.100000000000000E+001  0.000000000000000E+000  0.000000000000000E+000  0.000000000000000E+000  0.999543881449570E+000  0.301998188194554E-001  0.000000000000000E+000 -0.301998188194554E-001  0.999543881449570E+000 -0.240600000000000E+000  0.000000000000000E+000  0.000000000000000E+000
  0.450000000000000E+000  0.575139841905447E+001 -0.386714605488459E-002 -0.612837778251430E+001  0.286858282065906E+001  0.219741240557537E+001 -0.541909240656192E-001  0.100000000000000E+001  0.000000000000000E+000  0.000000000000000E+000  0.000000000000000E+000  0.999636417344032E+000  0.269635516871899E-001  0.000000000000000E+000 -0.269635516871899E-001  0.999636417344032E+000 -0.240600000000000E+000  0.000000000000000E+000  0.000000000000000E+000
  0.456250000000000E+000  0.575106417702696E+001 -0.448911706738252E-002 -0.613805548952377E+001  0.290021864056151E+001  0.219770602500377E+001 -0.551530766832074E-001  0.100000000000000E+001  0.000000000000000E+000  0.000000000000000E+000  0.000000000000000E+000  0.999719460787142E+000  0.236854327270322E-001  0.000000000000000E+000 -0.236854327270322E-001  0.999719460787142E+000 -0.240600000000000E+000  0.000000000000000E+000  0.000000000000000E+000
  0.462500000000000E+000  0.575062704668325E+001 -0.508485076193831E-002 -0.614402567341916E+001  0.292780123010833E+001  0.219775423473102E+001 -0.559991782717835E-001  0.100000000000000E+001  0.000000000000000E+000  0.000000000000000E+000  0.000000000000000E+000  0.999792498980269E+000  0.203705420347524E-001  0.000000000000000E+000 -0.203705420347524E-001  0.999792498980269E+000 -0.240600000000000E+000  0.000000000000000E+000  0.000000000000000E+000
  0.468750000000000E+000  0.575016627969151E+001 -0.554951092126736E-002 -0.614504228871158E+001  0.295153917853832E+001  0.219751315033312E+001 -0.567284360686208E-001  0.100000000000000E+001  0.000000000000000E+000  0.000000000000000E+000  0.000000000000000E+000  0.999855080872775E+000  0.170240198806727E-001  0.000000000000000E+000 -0.170240198806727E-001  0.999855080872775E+000 -0.240600000000000E+000  0.000000000000000E+000  0.000000000000000E+000
  0.475000000000000E+000  0.574986176760171E+001 -0.612835565799826E-002 -0.615046980505544E+001  0.297011788979294E+001  0.219754998654239E+001 -0.574169222323481E-001  0.100000000000000E+001  0.000000000000000E+000  0.000000000000000E+000  0.000000000000000E+000  0.999906819961262E+000  0.136510583822831E-001  0.000000000000000E+000 -0.136510583822831E-001  0.999906819961262E+000 -0.240600000000000E+000  0.000000000000000E+000  0.000000000000000E+000
  0.481250000000000E+000  0.574988712590972E+001 -0.628758549016440E-002 -0.616062226139484E+001  0.298696408865101E+001  0.219815865739794E+001 -0.578910113786604E-001  0.100000000000000E+001  0.000000000000000E+000  0.000000000000000E+000  0.000000000000000E+000  0.999947396688883E+000  0.102568930542157E-001  0.000000000000000E+000 -0.102568930542157E-001  0.999947396688883E+000 -0.240600000000000E+000  0.000000000000000E+000  0.000000000000000E+000
  0.487500000000000E+000  0.574985362938856E+001 -0.666540671857546E-002 -0.616766970431809E+001  0.299664600727861E+001  0.219796421557856E+001 -0.584353948433616E-001  0.100000000000000E+001  0.000000000000000E+000  0.000000000000000E+000  0.000000000000000E+000  0.999976560429510E+000  0.684679425477315E-002  0.000000000000000E+000 -0.684679425477315E-002  0.999976560429510E+000 -0.240600000000000E+000  0.000000000000000E+000  0.000000000000000E+000
  0.493750000000000E+000  0.574988541850400E+001 -0.713129231609561E-002 -0.617927612749325E+001  0.300237640810642E+001  0.219799222613777E+001 -0.588462470054162E-001  0.100000000000000E+001  0.000000000000000E+000  0.000000000000000E+000  0.000000000000000E+000  0.999994131044188E+000  0.342605854887586E-002  0.000000000000000E+000 -0.342605854887586E-002  0.999994131044188E+000 -0.240600000000000E+000  0.000000000000000E+000  0.000000000000000E+000
  0.500000000000000E+000  0.575121693359082E+001 -0.677174582493732E-002 -0.623379373067473E+001  0.300887279361273E+001  0.220100534697280E+001 -0.589406754066909E-001  0.100000000000000E+001  0.000000000000000E+000  0.000000000000000E+000  0.000000000000000E+000  0.100000000000000E+001  0.783593356289990E-011  0.000000000000000E+000 -0.783593356289990E-011  0.100000000000000E+001 -0.240600000000000E+000  0.000000000000000E+000  0.000000000000000E+000
  0.506250000000000E+000  0.575148516841094E+001 -0.735571435927104E-002 -0.626024959581081E+001  0.300571779846368E+001  0.220105516035668E+001 -0.593228443245326E-001  0.100000000000000E+001  0.000000000000000E+000  0.000000000000000E+000  0.000000000000000E+000  0.999994131044241E+000 -0.342605853321616E-002  0.000000000000000E+000  0.342605853321616E-002  0.999994131044241E+000 -0.240600000000000E+000  0.000000000000000E+000  0.000000000000000E+000
  0.512500000000000E+000  0.575152552233542E+001 -0.795456512215104E-002 -0.626795407128655E+001  0.299593228115471E+001  0.219996504034160E+001 -0.596107725538862E-001  0.100000000000000E+001  0.000000000000000E+000  0.000000000000000E+000  0.000000000000000E+000  0.999976560429617E+000 -0.684679423915004E-002  0.000000000000000E+000  0.684679423915004E-002  0.999976560429617E+000 -0.240600000000000E+000  0.000000000000000E+000  0.000000000000000E+000
  0.518750000000000E+000  0.575174488490334E+001 -0.838829420851242E-002 -0.627801802095774E+001  0.298232158677374E+001  0.219953816370128E+001 -0.597171065659674E-001  0.100000000000000E+001  0.000000000000000E+000  0.000000000000000E+000  0.000000000000000E+000  0.999947396689043E+000 -0.102568930386533E-001  0.000000000000000E+000  0.102568930386533E-001  0.999947396689043E+000 -0.240600000000000E+000  0.000000000000000E+000  0.000000000000000E+000
  0.525000000000000E+000  0.575207982760245E+001 -0.896127893285365E-002 -0.629296901276380E+001  0.296289196921392E+001  0.219972213026024E+001 -0.597650320240957E-001  0.100000000000000E+001  0.000000000000000E+000  0.000000000000000E+000  0.000000000000000E+000  0.999906819961473E+000 -0.136510583668057E-001  0.000000000000000E+000  0.136510583668057E-001  0.999906819961473E+000 -0.240600000000000E+000  0.000000000000000E+000  0.000000000000000E+000
  0.531250000000000E+000  0.575231988956887E+001 -0.946024127467869E-002 -0.630260358769564E+001  0.293932331699100E+001  0.219970754943200E+001 -0.596486127531698E-001  0.100000000000000E+001  0.000000000000000E+000  0.000000000000000E+000  0.000000000000000E+000  0.999855080873036E+000 -0.170240198653042E-001  0.000000000000000E+000  0.170240198653042E-001  0.999855080873036E+000 -0.240600000000000E+000  0.000000000000000E+000  0.000000000000000E+000
  0.537500000000000E+000  0.575270792156491E+001 -0.976209421418733E-002 -0.631064236477241E+001  0.291277924211234E+001  0.219951149587360E+001 -0.593973709557959E-001  0.100000000000000E+001  0.000000000000000E+000  0.000000000000000E+000  0.000000000000000E+000  0.999792498980579E+000 -0.203705420195167E-001  0.000000000000000E+000  0.203705420195167E-001  0.999792498980579E+000 -0.240600000000000E+000  0.000000000000000E+000  0.000000000000000E+000
