 # Integral loads: N.components: 1
 #                 Ref.sys     : MomentRef
 #                 Components  : wing
 #  t , Fx , Fy , Fz , Mx , My , Mz , ref_mat(9) , ref_off(3) 
  0.000000000000000E+000  0.273498914582280E+002 -0.109106397246048E+001  0.281898099227891E+003 -0.464316162354568E+001  0.524340598081552E+001 -0.515897904830545E+000  0.996194698100000E+000  0.000000000000000E+000 -0.871557427500000E-001  0.000000000000000E+000  0.100000000000000E+001  0.000000000000000E+000  0.871557427500000E-001  0.000000000000000E+000  0.996194698100000E+000 -0.239684444362860E+000  0.000000000000000E+000  0.209696717056500E-001
  0.625000000000000E-002 -0.432722323104270E+001 -0.999392734364771E+000  0.167583168388527E+003 -0.296357684451577E+001  0.599870027508260E+001 -0.448103602499633E+000  0.996194698100000E+000  0.000000000000000E+000 -0.871557427500000E-001  0.298600676849846E-003  0.999994131044214E+000  0.341302135397026E-002  0.871552312367993E-001 -0.342605854104601E-002  0.996188851477363E+000 -0.239684444362860E+000  0.000000000000000E+000  0.209696717056500E-001
  0.125000000000000E-001 -0.481487899534034E+001 -0.106780543468321E+001  0.168305662369266E+003 -0.297741810575989E+001  0.754087940353456E+001 -0.484787141738449E+000  0.996194698100000E+000  0.000000000000000E+000 -0.871557427500000E-001  0.596737438050365E-003  0.999976560429563E+000  0.682074012780473E-002  0.871536998568288E-001 -0.684679424696160E-002  0.996171347724205E+000 -0.239684444362860E+000  0.000000000000000E+000  0.209696717056500E-001
  0.187500000000000E-001 -0.534452603118460E+001 -0.110969904126763E+001  0.173391940913397E+003 -0.301756288930712E+001  0.781335669688941E+001 -0.510588846600850E+000  0.996194698100000E+000  0.000000000000000E+000 -0.871557427500000E-001  0.893947131769310E-003  0.999947396688963E+000  0.102178624718368E-001  0.871511580693554E-001 -0.102568930464345E-001  0.996142294960442E+000 -0.239684444362860E+000  0.000000000000000E+000  0.209696717056500E-001
  0.250000000000000E-001 -0.575301814195440E+001 -0.112891963596978E+001  0.176740004216146E+003 -0.302507362785028E+001  0.784873894054950E+001 -0.524754175600151E+000  0.996194698100000E+000  0.000000000000000E+000 -0.871557427500000E-001  0.118976813195702E-002  0.999906819961368E+000  0.135991119761747E-001  0.871476215745235E-001 -0.136510583745444E-001  0.996101872639546E+000 -0.239684444362860E+000  0.000000000000000E+000  0.209696717056500E-001
  0.312500000000000E-001 -0.605193607636684E+001 -0.113384036969267E+001  0.179190232607321E+003 -0.301729916688519E+001  0.787537013067036E+001 -0.531033568905297E+000  0.996194698100000E+000  0.000000000000000E+000 -0.871557427500000E-001  0.148374109662107E-002  0.999855080872905E+000  0.169592383378201E-001  0.871431122158394E-001 -0.170240198729885E-001  0.996050330433935E+000 -0.239684444362860E+000  0.000000000000000E+000  0.209696717056500E-001
  0.375000000000000E-001 -0.627555703526990E+001 -0.113304383579461E+001  0.181004913211355E+003 -0.301474187366837E+001  0.789175366913161E+001 -0.533752560391767E+000  0.996194698100000E+000  0.000000000000000E+000 -0.871557427500000E-001  0.177540972059500E-002  0.999792498980424E+000  0.202930259648547E-001  0.871376578445174E-001 -0.203705420271346E-001  0.995987986684448E+000 -0.239684444362860E+000  0.000000000000000E+000  0.209696717056500E-001
  0.437500000000000E-001 -0.644120920928276E+001 -0.112870148491216E+001  0.182305763948320E+003 -0.301651965357429E+001  0.790658158825041E+001 -0.534573115077709E+000  0.996194698100000E+000  0.000000000000000E+000 -0.871557427500000E-001  0.206432148102253E-002  0.999719460787320E+000  0.235953024973628E-001  0.871312921465484E-001 -0.236854327194926E-001  0.995915226423719E+000 -0.239684444362860E+000  0.000000000000000E+000  0.209696717056500E-001
  0.500000000000000E-001 -0.656668680346258E+001 -0.111923341568880E+001  0.183286200214137E+003 -0.300932176399007E+001  0.791680294256468E+001 -0.532666054032316E+000  0.996194698100000E+000  0.000000000000000E+000 -0.871557427500000E-001  0.235002837382577E-002  0.999636417344233E+000  0.268609472253026E-001  0.871240544335856E-001 -0.269635516797402E-001  0.995832498986004E+000 -0.239684444362860E+000  0.000000000000000E+000  0.209696717056500E-001
  0.562500000000000E-001 -0.666299791632158E+001 -0.110588871561740E+001  0.184037599185233E+003 -0.299652765505653E+001  0.792432424113693E+001 -0.528754881573533E+000  0.996194698100000E+000  0.000000000000000E+000 -0.871557427500000E-001  0.263208763948463E-002  0.999543881449792E+000  0.300848993842018E-001  0.871159893989746E-001 -0.301998188121072E-001  0.995740315218578E+000 -0.239684444362860E+000  0.000000000000000E+000  0.209696717056500E-001
  0.625000000000000E-001 -0.673705294897093E+001 -0.108900412401875E+001  0.184612649544369E+003 -0.297695540853178E+001  0.793048912356063E+001 -0.522958997282350E+000  0.996194698100000E+000  0.000000000000000E+000 -0.871557427500000E-001  0.291006247652271E-002  0.999442424469136E+000  0.332621663103397E-001  0.871071468404683E-001 -0.333892223817083E-001  0.995639244312363E+000 -0.239684444362860E+000  0.000000000000000E+000  0.209696717056500E-001
  0.687500000000000E-001 -0.679318128214774E+001 -0.106972383241863E+001  0.185036749374502E+003 -0.295547292919890E+001  0.793714718044166E+001 -0.516011082177958E+000  0.996194698100000E+000  0.000000000000000E+000 -0.871557427500000E-001  0.318352274117270E-002  0.999332672790308E+000  0.363878314379580E-001  0.870975813513821E-001 -0.365268270423030E-001  0.995529910271807E+000 -0.239684444362860E+000  0.000000000000000E+000  0.209696717056500E-001
  0.750000000000000E-001 -0.683647528271485E+001 -0.104778750607555E+001  0.185367615713491E+003 -0.292721962677985E+001  0.794181930254592E+001 -0.507615363927918E+000  0.996194698100000E+000  0.000000000000000E+000 -0.871557427500000E-001  0.345204563178002E-002  0.999215303940888E+000  0.394570621220312E-001  0.870873519821351E-001 -0.396077816889469E-001  0.995412988046293E+000 -0.239684444362860E+000  0.000000000000000E+000  0.209696717056500E-001
  0.812500000000000E-001 -0.687142126218109E+001 -0.102333733967124E+001  0.185645786991013E+003 -0.289331902738045E+001  0.794443845729833E+001 -0.497981635651114E+000  0.996194698100000E+000  0.000000000000000E+000 -0.871557427500000E-001  0.371521635659666E-002  0.999091042389330E+000  0.424651172711852E-001  0.870765218743138E-001 -0.426273271200671E-001  0.995289199347453E+000 -0.239684444362860E+000  0.000000000000000E+000  0.209696717056500E-001
  0.875000000000000E-001 -0.689946158621246E+001 -0.996368345902746E+000  0.185873279021724E+003 -0.285233586169424E+001  0.794562979830417E+001 -0.487049383434725E+000  0.996194698100000E+000  0.000000000000000E+000 -0.871557427500000E-001  0.397262878371641E-002  0.998960655057437E+000  0.454073547764899E-001  0.870651578695575E-001 -0.455808034946315E-001  0.995159308178722E+000 -0.239684444362860E+000  0.000000000000000E+000  0.209696717056500E-001
  0.937500000000000E-001 -0.692193950292156E+001 -0.966847295222145E+000  0.186049064326435E+003 -0.280680322186657E+001  0.794758746096499E+001 -0.475020049505655E+000  0.996194698100000E+000  0.000000000000000E+000 -0.871557427500000E-001  0.422388607200653E-002  0.998824946572128E+000  0.482792387230426E-001  0.870533300957229E-001 -0.484636575712795E-001  0.995024116105169E+000 -0.239684444362860E+000  0.000000000000000E+000  0.209696717056500E-001
  0.100000000000000E+000 -0.693926752758339E+001 -0.936118637377454E+000  0.186183351263731E+003 -0.275857236551558E+001  0.794952222853302E+001 -0.462299535609630E+000  0.996194698100000E+000  0.000000000000000E+000 -0.871557427500000E-001  0.446860128199929E-002  0.998684754286288E+000  0.510763463724891E-001  0.870411115329227E-001 -0.512714497175149E-001  0.994884457293302E+000 -0.239684444362860E+000  0.000000000000000E+000  0.209696717056500E-001
  0.106250000000000E+000 -0.695365265297917E+001 -0.904018361026182E+000  0.186302115940644E+003 -0.270681310483809E+001  0.795044220276698E+001 -0.448888558291561E+000  0.996194698100000E+000  0.000000000000000E+000 -0.871557427500000E-001  0.470639796581654E-002  0.998540943099841E+000  0.537943749058929E-001  0.870285775621522E-001 -0.539998606783319E-001  0.994741193351836E+000 -0.239684444362860E+000  0.000000000000000E+000  0.209696717056500E-001
  0.112500000000000E+000 -0.696718869713929E+001 -0.869518689564387E+000  0.186430353158675E+003 -0.264593844360801E+001  0.794864186991975E+001 -0.434136882197247E+000  0.996194698100000E+000  0.000000000000000E+000 -0.871557427500000E-001  0.493691073531229E-002  0.998394400113370E+000  0.564291479176348E-001  0.870158054993214E-001 -0.566446980949204E-001  0.994595208005669E+000 -0.239684444362860E+000  0.000000000000000E+000  0.209696717056500E-001
  0.118750000000000E+000 -0.697820598777253E+001 -0.834057112369974E+000  0.186526397482329E+003 -0.258404571910165E+001  0.794864218617068E+001 -0.418961916979199E+000  0.996194698100000E+000  0.000000000000000E+000 -0.871557427500000E-001  0.515978580772958E-002  0.998246029147604E+000  0.589766216522988E-001  0.870028741175976E-001 -0.592019027653755E-001  0.994447401636221E+000 -0.239684444362860E+000  0.000000000000000E+000  0.209696717056500E-001
  0.125000000000000E+000 -0.698651282622907E+001 -0.797505019514906E+000  0.186594897455835E+003 -0.251975903811378E+001  0.794957262970518E+001 -0.403299397771368E+000  0.996194698100000E+000  0.000000000000000E+000 -0.871557427500000E-001  0.537468152827766E-002  0.998096745162837E+000  0.614328909777573E-001  0.869898631610245E-001 -0.616675546405995E-001  0.994298685722085E+000 -0.239684444362860E+000  0.000000000000000E+000  0.209696717056500E-001
  0.131250000000000E+000 -0.699297887180225E+001 -0.759876551878749E+000  0.186650073618193E+003 -0.245164805030757E+001  0.795010945221879E+001 -0.387041476230173E+000  0.996194698100000E+000  0.000000000000000E+000 -0.871557427500000E-001  0.558126886914332E-002  0.997947468612872E+000  0.637941950888963E-001  0.869768528524372E-001 -0.640378785498139E-001  0.994149977214459E+000 -0.239684444362860E+000  0.000000000000000E+000  0.209696717056500E-001
  0.137500000000000E+000 -0.699807211373188E+001 -0.721013060239634E+000  0.186696588317484E+003 -0.237996085548881E+001  0.795052748986361E+001 -0.370165252354961E+000  0.996194698100000E+000  0.000000000000000E+000 -0.871557427500000E-001  0.577923190455345E-002  0.997799119768445E+000  0.660569229376054E-001  0.869639233987150E-001 -0.663092496512910E-001  0.994002192882172E+000 -0.239684444362860E+000  0.000000000000000E+000  0.209696717056500E-001
  0.143750000000000E+000 -0.700376099012037E+001 -0.679916616678131E+000  0.186760647567959E+003 -0.229941575760373E+001  0.794851813041172E+001 -0.352073807851393E+000  0.996194698100000E+000  0.000000000000000E+000 -0.871557427500000E-001  0.596826826160502E-002  0.997652613045146E+000  0.682176183857882E-001  0.869511544964280E-001 -0.684781986050486E-001  0.993856243661185E+000 -0.239684444362860E+000  0.000000000000000E+000  0.209696717056500E-001
  0.150000000000000E+000 -0.700807431116853E+001 -0.638371637629385E+000  0.186801667593380E+003 -0.221912562837838E+001  0.794846002366481E+001 -0.333790323741969E+000  0.996194698100000E+000  0.000000000000000E+000 -0.871557427500000E-001  0.614808954667172E-002  0.997508851370787E+000  0.702729850792121E-001  0.869386248409203E-001 -0.705414164653163E-001  0.993713029043399E+000 -0.239684444362860E+000  0.000000000000000E+000  0.209696717056500E-001
  0.156250000000000E+000 -0.701070893058437E+001 -0.595955171123569E+000  0.186823976158246E+003 -0.213649302158211E+001  0.794901905597792E+001 -0.315136413940633E+000  0.996194698100000E+000  0.000000000000000E+000 -0.871557427500000E-001  0.631842174728245E-002  0.997368720626799E+000  0.722198910410010E-001  0.869264116418459E-001 -0.724957592915752E-001  0.993573431539197E+000 -0.239684444362860E+000  0.000000000000000E+000  0.209696717056500E-001
  0.162500000000000E+000 -0.701293135697065E+001 -0.552739098990175E+000  0.186848836204208E+003 -0.205038066805716E+001  0.794897586740109E+001 -0.295995363109345E+000  0.996194698100000E+000  0.000000000000000E+000 -0.871557427500000E-001  0.647900560944614E-002  0.997233084197739E+000  0.740553729844773E-001  0.869145901481273E-001 -0.743382524778740E-001  0.993438311247699E+000 -0.239684444362860E+000  0.000000000000000E+000  0.209696717056500E-001
  0.168750000000000E+000 -0.701464064394761E+001 -0.508573151524404E+000  0.186868757123595E+003 -0.196104455095133E+001  0.794900576296377E+001 -0.276408016515720E+000  0.996194698100000E+000  0.000000000000000E+000 -0.871557427500000E-001  0.662959699046730E-002  0.997102777662230E+000  0.757766403458623E-001  0.869032331852398E-001 -0.760660948009338E-001  0.993308500567897E+000 -0.239684444362860E+000  0.000000000000000E+000  0.209696717056500E-001
  0.175000000000000E+000 -0.701605732938934E+001 -0.463556164689018E+000  0.186886805764717E+003 -0.186867456840022E+001  0.794893236896822E+001 -0.256352859342273E+000  0.996194698100000E+000  0.000000000000000E+000 -0.871557427500000E-001  0.676996718735910E-002  0.996978603657717E+000  0.773810790380546E-001  0.868924107076462E-001 -0.776766621882652E-001  0.993184799082959E+000 -0.239684444362860E+000  0.000000000000000E+000  0.209696717056500E-001
  0.181250000000000E+000 -0.701772873877686E+001 -0.417864854674307E+000  0.186909830929658E+003 -0.177325877140587E+001  0.794860564063524E+001 -0.235905488802655E+000  0.996194698100000E+000  0.000000000000000E+000 -0.871557427500000E-001  0.689990324101278E-002  0.996861326950299E+000  0.788662549273030E-001  0.868821893691039E-001 -0.791675112081215E-001  0.993067968648819E+000 -0.239684444362860E+000  0.000000000000000E+000  0.209696717056500E-001
  0.187500000000000E+000 -0.701894788751142E+001 -0.371558452176556E+000  0.186924583646372E+003 -0.167526831807351E+001  0.794864099893643E+001 -0.215091065887799E+000  0.996194698100000E+000  0.000000000000000E+000 -0.871557427500000E-001  0.701920821632595E-002  0.996751669739594E+000  0.802299170350868E-001  0.868726321134570E-001 -0.805363822836098E-001  0.992958728716906E+000 -0.239684444362860E+000  0.000000000000000E+000  0.209696717056500E-001
  0.193750000000000E+000 -0.701980991385526E+001 -0.324660040802086E+000  0.186933920469399E+003 -0.157525318670799E+001  0.794891071371565E+001 -0.194018945258935E+000  0.996194698100000E+000  0.000000000000000E+000 -0.871557427500000E-001  0.712770145852528E-002  0.996650307227059E+000  0.814700004678983E-001  0.868637977883900E-001 -0.817812026336645E-001  0.992857751919332E+000 -0.239684444362860E+000  0.000000000000000E+000  0.209696717056500E-001
  0.200000000000000E+000 -0.702029424332723E+001 -0.277245957278732E+000  0.186939973622739E+003 -0.147244826386054E+001  0.794915671547261E+001 -0.172589407536435E+000  0.996194698100000E+000  0.000000000000000E+000 -0.871557427500000E-001  0.722521882594369E-002  0.996557863474620E+000  0.825846290778976E-001  0.868557407844836E-001 -0.829000889438659E-001  0.992765659943280E+000 -0.239684444362860E+000  0.000000000000000E+000  0.209696717056500E-001
  0.206250000000000E+000 -0.702033981851270E+001 -0.229832735543316E+000  0.186942155399309E+003 -0.136966732268459E+001  0.795009566302924E+001 -0.151182139474674E+000  0.996194698100000E+000  0.000000000000000E+000 -0.871557427500000E-001  0.731161289952605E-002  0.996474907578573E+000  0.835721178575743E-001  0.868485107017481E-001 -0.838913497702485E-001  0.992683019719462E+000 -0.239684444362860E+000  0.000000000000000E+000  0.209696717056500E-001
  0.212500000000000E+000 -0.702084835725384E+001 -0.181729457222320E+000  0.186952065585185E+003 -0.126212889782906E+001  0.795003575505945E+001 -0.129250180578765E+000  0.996194698100000E+000  0.000000000000000E+000 -0.871557427500000E-001  0.738675316934344E-002  0.996401950181849E+000  0.844309750716146E-001  0.868421520456476E-001 -0.847534876793123E-001  0.992610339947659E+000 -0.239684444362860E+000  0.000000000000000E+000  0.209696717056500E-001
  0.218750000000000E+000 -0.702173972272131E+001 -0.133330013241872E+000  0.186964808488764E+003 -0.115284042721079E+001  0.794995221030848E+001 -0.107112961316277E+000  0.996194698100000E+000  0.000000000000000E+000 -0.871557427500000E-001  0.745052619839210E-002  0.996339440345612E+000  0.851599041291328E-001  0.868367039544411E-001 -0.854852011274048E-001  0.992548067980220E+000 -0.239684444362860E+000  0.000000000000000E+000  0.209696717056500E-001
  0.225000000000000E+000 -0.702293156818841E+001 -0.846899804377826E-001  0.186978903563486E+003 -0.104180644598809E+001  0.794997915642509E+001 -0.848024360906320E-001  0.996194698100000E+000  0.000000000000000E+000 -0.871557427500000E-001  0.750283576394213E-002  0.996287762798994E+000  0.857578051992932E-001  0.868321999594821E-001 -0.860853860825152E-001  0.992496587082268E+000 -0.239684444362860E+000  0.000000000000000E+000  0.209696717056500E-001
  0.231250000000000E+000 -0.702420305133775E+001 -0.358925327200743E-001  0.186991816860127E+003 -0.929179099167510E+000  0.795013973467089E+001 -0.623536863213117E-001  0.996194698100000E+000  0.000000000000000E+000 -0.871557427500000E-001  0.754360297668170E-002  0.996247235583478E+000  0.862237765731356E-001  0.868286677799123E-001 -0.865531373913017E-001  0.992456214085043E+000 -0.239684444362860E+000  0.000000000000000E+000  0.209696717056500E-001
  0.237500000000000E+000 -0.702577272971161E+001  0.129240307470721E-001  0.187007447913949E+003 -0.815105873080803E+000  0.795030012806887E+001 -0.398083766813274E-001  0.996194698100000E+000  0.000000000000000E+000 -0.871557427500000E-001  0.757276637787681E-002  0.996218108106041E+000  0.865571157741159E-001  0.868261291529818E-001 -0.868877498938738E-001  0.992427197446451E+000 -0.239684444362860E+000  0.000000000000000E+000  0.209696717056500E-001
  0.243750000000000E+000 -0.702762152313427E+001  0.617625524891499E-001  0.187024861364354E+003 -0.699612331218201E+000  0.795045540170084E+001 -0.171801984791238E-001  0.996194698100000E+000  0.000000000000000E+000 -0.871557427500000E-001  0.759028201473498E-002  0.996200559612717E+000  0.867573204195173E-001  0.868245997010120E-001 -0.870887192884944E-001  0.992409715730441E+000 -0.239684444362860E+000  0.000000000000000E+000  0.209696717056500E-001
  0.250000000000000E+000 -0.703006996154568E+001  0.110569778394327E+000  0.187048229790762E+003 -0.583086570657657E+000  0.795050578748614E+001  0.548836279089748E-002  0.996194698100000E+000  0.000000000000000E+000 -0.871557427500000E-001  0.759612349412469E-002  0.996194698091721E+000  0.868240888344659E-001  0.868240888357959E-001 -0.871557427479406E-001  0.992403876514303E+000 -0.239684444362860E+000  0.000000000000000E+000  0.209696717056500E-001
  0.256250000000000E+000 -0.703255472455917E+001  0.159152313995471E+000  0.187067056766969E+003 -0.466112624556558E+000  0.795103410625507E+001  0.280965624776592E-001  0.996194698100000E+000  0.000000000000000E+000 -0.871557427500000E-001  0.759028201476169E-002  0.996200559612690E+000  0.867573204198226E-001  0.868245997010096E-001 -0.870887192888009E-001  0.992409715730415E+000 -0.239684444362860E+000  0.000000000000000E+000  0.209696717056500E-001
  0.262500000000000E+000 -0.703577873054424E+001  0.207556422800284E+000  0.187095427623960E+003 -0.348204087466886E+000  0.795119271111752E+001  0.506923316196469E-001  0.996194698100000E+000  0.000000000000000E+000 -0.871557427500000E-001  0.757276637793019E-002  0.996218108105988E+000  0.865571157747261E-001  0.868261291529771E-001 -0.868877498944863E-001  0.992427197446398E+000 -0.239684444362860E+000  0.000000000000000E+000  0.209696717056500E-001
  0.268750000000000E+000 -0.703908765096089E+001  0.255588732527727E+000  0.187120718091942E+003 -0.229825484207654E+000  0.795168404744247E+001  0.732063925886821E-001  0.996194698100000E+000  0.000000000000000E+000 -0.871557427500000E-001  0.754360297676167E-002  0.996247235583399E+000  0.862237765740497E-001  0.868286677799053E-001 -0.865531373922193E-001  0.992456214084963E+000 -0.239684444362860E+000  0.000000000000000E+000  0.209696717056500E-001
  0.275000000000000E+000 -0.704337599719574E+001  0.303142298558198E+000  0.187158889575947E+003 -0.110880318327838E+000  0.795194592436078E+001  0.956331287808141E-001  0.996194698100000E+000  0.000000000000000E+000 -0.871557427500000E-001  0.750283576404857E-002  0.996287762798888E+000  0.857578052005098E-001  0.868321999594729E-001 -0.860853860837365E-001  0.992496587082163E+000 -0.239684444362860E+000  0.000000000000000E+000  0.209696717056500E-001
  0.281250000000000E+000 -0.705487757607357E+001  0.350558078688188E+000  0.187286823113009E+003  0.774726190087405E-002  0.795102409054139E+001  0.117950714986033E+000  0.996194698100000E+000  0.000000000000000E+000 -0.871557427500000E-001  0.745052619852485E-002  0.996339440345481E+000  0.851599041306501E-001  0.868367039544297E-001 -0.854852011289279E-001  0.992548067980090E+000 -0.239684444362860E+000  0.000000000000000E+000  0.209696717056500E-001
  0.287500000000000E+000 -0.706285228449237E+001  0.397241505085659E+000  0.187328633003040E+003  0.126583808599178E+000  0.795332822471181E+001  0.140087025759237E+000  0.996194698100000E+000  0.000000000000000E+000 -0.871557427500000E-001  0.738675316950230E-002  0.996401950181694E+000  0.844309750734304E-001  0.868421520456341E-001 -0.847534876811350E-001  0.992610339947504E+000 -0.239684444362860E+000  0.000000000000000E+000  0.209696717056500E-001
  0.293750000000000E+000 -0.706657598170542E+001  0.443261971791721E+000  0.187327714908731E+003  0.245357645352315E+000  0.795603630121983E+001  0.161989562452866E+000  0.996194698100000E+000  0.000000000000000E+000 -0.871557427500000E-001  0.731161289971078E-002  0.996474907578395E+000  0.835721178596857E-001  0.868485107017326E-001 -0.838913497723680E-001  0.992683019719284E+000 -0.239684444362860E+000  0.000000000000000E+000  0.209696717056500E-001
  0.300000000000000E+000 -0.707036452939854E+001  0.488632335285933E+000  0.187350606934412E+003  0.363619433757187E+000  0.795728992368894E+001  0.183629792570368E+000  0.996194698100000E+000  0.000000000000000E+000 -0.871557427500000E-001  0.722521882615401E-002  0.996557863474419E+000  0.825846290803015E-001  0.868557407844661E-001 -0.829000889462789E-001  0.992765659943080E+000 -0.239684444362860E+000  0.000000000000000E+000  0.209696717056500E-001
  0.306250000000000E+000 -0.707424974128430E+001  0.533301244908944E+000  0.187376330761453E+003  0.481392026876478E+000  0.795814723167672E+001  0.204999651640438E+000  0.996194698100000E+000  0.000000000000000E+000 -0.871557427500000E-001  0.712770145876087E-002  0.996650307226837E+000  0.814700004705911E-001  0.868637977883707E-001 -0.817812026363676E-001  0.992857751919112E+000 -0.239684444362860E+000  0.000000000000000E+000  0.209696717056500E-001
  0.312500000000000E+000 -0.707824970155034E+001  0.577109816431590E+000  0.187402693309720E+003  0.598292198231141E+000  0.795899014667194E+001  0.226038398554738E+000  0.996194698100000E+000  0.000000000000000E+000 -0.871557427500000E-001  0.701920821658645E-002  0.996751669739352E+000  0.802299170380644E-001  0.868726321134359E-001 -0.805363822865987E-001  0.992958728716665E+000 -0.239684444362860E+000  0.000000000000000E+000  0.209696717056500E-001
  0.318750000000000E+000 -0.708251616001825E+001  0.620084839642673E+000  0.187431521625239E+003  0.714377012820919E+000  0.795974529360207E+001  0.246751518858588E+000  0.996194698100000E+000  0.000000000000000E+000 -0.871557427500000E-001  0.689990324129781E-002  0.996861326950040E+000  0.788662549305608E-001  0.868821893690813E-001 -0.791675112113918E-001  0.993067968648560E+000 -0.239684444362860E+000  0.000000000000000E+000  0.209696717056500E-001
  0.325000000000000E+000 -0.708763874581260E+001  0.662516453768563E+000  0.187471136514030E+003  0.831702773613721E+000  0.795951950738343E+001  0.267402555804591E+000  0.996194698100000E+000  0.000000000000000E+000 -0.871557427500000E-001  0.676996718766821E-002  0.996978603657440E+000  0.773810790415878E-001  0.868924107076221E-001 -0.776766621918119E-001  0.993184799082683E+000 -0.239684444362860E+000  0.000000000000000E+000  0.209696717056500E-001
  0.331250000000000E+000 -0.709277352950005E+001  0.703610874660134E+000  0.187508124533595E+003  0.945988363161372E+000  0.796012708635243E+001  0.287475211599627E+000  0.996194698100000E+000  0.000000000000000E+000 -0.871557427500000E-001  0.662959699080004E-002  0.997102777661939E+000  0.757766403496654E-001  0.869032331852144E-001 -0.760660948047515E-001  0.993308500567607E+000 -0.239684444362860E+000  0.000000000000000E+000  0.209696717056500E-001
  0.337500000000000E+000 -0.709777903717901E+001  0.743554436273679E+000  0.187540166957770E+003  0.105833805519452E+001  0.796108293728657E+001  0.307019668268178E+000  0.996194698100000E+000  0.000000000000000E+000 -0.871557427500000E-001  0.647900560980199E-002  0.997233084197435E+000  0.740553729885447E-001  0.869145901481008E-001 -0.743382524819569E-001  0.993438311247396E+000 -0.239684444362860E+000  0.000000000000000E+000  0.209696717056500E-001
  0.343750000000000E+000 -0.710284287025354E+001  0.782362298448775E+000  0.187572850726935E+003  0.116910528139824E+001  0.796201751637084E+001  0.326099501751538E+000  0.996194698100000E+000  0.000000000000000E+000 -0.871557427500000E-001  0.631842174766088E-002  0.997368720626484E+000  0.722198910453265E-001  0.869264116418184E-001 -0.724957592959172E-001  0.993573431538883E+000 -0.239684444362860E+000  0.000000000000000E+000  0.209696717056500E-001
  0.350000000000000E+000 -0.710765314533355E+001  0.819907446434664E+000  0.187601437833059E+003  0.127777384088676E+001  0.796314909540869E+001  0.344629522196975E+000  0.996194698100000E+000  0.000000000000000E+000 -0.871557427500000E-001  0.614808954707214E-002  0.997508851370462E+000  0.702729850837890E-001  0.869386248408920E-001 -0.705414164699106E-001  0.993713029043075E+000 -0.239684444362860E+000  0.000000000000000E+000  0.209696717056500E-001
  0.356250000000000E+000 -0.711227689993114E+001  0.856129970068214E+000  0.187629399080647E+003  0.138465716671069E+001  0.796422648422213E+001  0.362651147256891E+000  0.996194698100000E+000  0.000000000000000E+000 -0.871557427500000E-001  0.596826826202684E-002  0.997652613044814E+000  0.682176183906096E-001  0.869511544963991E-001 -0.684781986098884E-001  0.993856243660854E+000 -0.239684444362860E+000  0.000000000000000E+000  0.209696717056500E-001
  0.362500000000000E+000 -0.711711267491060E+001  0.891139803725476E+000  0.187660405300167E+003  0.148952385050127E+001  0.796511606511481E+001  0.380125319945610E+000  0.996194698100000E+000  0.000000000000000E+000 -0.871557427500000E-001  0.577923190499601E-002  0.997799119768107E+000  0.660569229426639E-001  0.869639233986856E-001 -0.663092496563688E-001  0.994002192881835E+000 -0.239684444362860E+000  0.000000000000000E+000  0.209696717056500E-001
  0.368750000000000E+000 -0.712207512066866E+001  0.924906416383913E+000  0.187692142874550E+003  0.159251795189178E+001  0.796596766371999E+001  0.397084748435218E+000  0.996194698100000E+000  0.000000000000000E+000 -0.871557427500000E-001  0.558126886960595E-002  0.997947468612531E+000  0.637941950941842E-001  0.869768528524075E-001 -0.640378785551220E-001  0.994149977214120E+000 -0.239684444362860E+000  0.000000000000000E+000  0.209696717056500E-001
  0.375000000000000E+000 -0.712696957320582E+001  0.957133297923016E+000  0.187722392911868E+003  0.169213995022750E+001  0.796702069945500E+001  0.413317333930044E+000  0.996194698100000E+000  0.000000000000000E+000 -0.871557427500000E-001  0.537468152875966E-002  0.998096745162495E+000  0.614328909832665E-001  0.869898631609947E-001 -0.616675546461298E-001  0.994298685721744E+000 -0.239684444362860E+000  0.000000000000000E+000  0.209696717056500E-001
  0.381250000000000E+000 -0.713185139024428E+001  0.988032604274177E+000  0.187752185331898E+003  0.178982289796900E+001  0.796798114863283E+001  0.428999007332621E+000  0.996194698100000E+000  0.000000000000000E+000 -0.871557427500000E-001  0.515978580823020E-002  0.998246029147263E+000  0.589766216580209E-001  0.870028741175679E-001 -0.592019027711194E-001  0.994447401635882E+000 -0.239684444362860E+000  0.000000000000000E+000  0.209696717056500E-001
  0.387500000000000E+000 -0.713504283169244E+001  0.101657445477573E+001  0.187756689533962E+003  0.188074573921486E+001  0.797099448406712E+001  0.443492809419043E+000  0.996194698100000E+000  0.000000000000000E+000 -0.871557427500000E-001  0.493691073583078E-002  0.998394400113032E+000  0.564291479235611E-001  0.870158054992920E-001 -0.566446981008693E-001  0.994595208005333E+000 -0.239684444362860E+000  0.000000000000000E+000  0.209696717056500E-001
  0.393750000000000E+000 -0.713871385398231E+001  0.104417041212017E+001  0.187777741168838E+003  0.197252411167417E+001  0.797191712250330E+001  0.457705334786658E+000  0.996194698100000E+000  0.000000000000000E+000 -0.871557427500000E-001  0.470639796635208E-002  0.998540943099509E+000  0.537943749120142E-001  0.870285775621232E-001 -0.539998606844766E-001  0.994741193351505E+000 -0.239684444362860E+000  0.000000000000000E+000  0.209696717056500E-001
  0.400000000000000E+000 -0.714240720738340E+001  0.107014431628216E+001  0.187797688831472E+003  0.206100657175783E+001  0.797284943814000E+001  0.471236434582976E+000  0.996194698100000E+000  0.000000000000000E+000 -0.871557427500000E-001  0.446860128255108E-002  0.998684754285963E+000  0.510763463787961E-001  0.870411115328944E-001 -0.512714497238460E-001  0.994884457292978E+000 -0.239684444362860E+000  0.000000000000000E+000  0.209696717056500E-001
  0.406250000000000E+000 -0.714616618558242E+001  0.109469322923584E+001  0.187819970644091E+003  0.214706527664743E+001  0.797358880497887E+001  0.484155150521665E+000  0.996194698100000E+000  0.000000000000000E+000 -0.871557427500000E-001  0.422388607257371E-002  0.998824946571812E+000  0.482792387295255E-001  0.870533300956953E-001 -0.484636575777872E-001  0.995024116104855E+000 -0.239684444362860E+000  0.000000000000000E+000  0.209696717056500E-001
  0.412500000000000E+000 -0.714695793649117E+001  0.111620899142253E+001  0.187797359824262E+003  0.222393585953400E+001  0.797769255031854E+001  0.495524989979460E+000  0.996194698100000E+000  0.000000000000000E+000 -0.871557427500000E-001  0.397262878429811E-002  0.998960655057132E+000  0.454073547831388E-001  0.870651578695309E-001 -0.455808035013058E-001  0.995159308178418E+000 -0.239684444362860E+000  0.000000000000000E+000  0.209696717056500E-001
  0.418750000000000E+000 -0.714831444793299E+001  0.113680583154942E+001  0.187798068752395E+003  0.230192383839952E+001  0.797895458203961E+001  0.506620696871073E+000  0.996194698100000E+000  0.000000000000000E+000 -0.871557427500000E-001  0.371521635719199E-002  0.999091042389039E+000  0.424651172779898E-001  0.870765218742884E-001 -0.426273271268977E-001  0.995289199347163E+000 -0.239684444362860E+000  0.000000000000000E+000  0.209696717056500E-001
  0.425000000000000E+000 -0.714985610526217E+001  0.115537336521299E+001  0.187807548972186E+003  0.237713695447329E+001  0.797903509767714E+001  0.517040383360792E+000  0.996194698100000E+000  0.000000000000000E+000 -0.871557427500000E-001  0.345204563238805E-002  0.999215303940611E+000  0.394570621289810E-001  0.870873519821110E-001 -0.396077816959233E-001  0.995412988046017E+000 -0.239684444362860E+000  0.000000000000000E+000  0.209696717056500E-001
  0.431250000000000E+000 -0.715098480657677E+001  0.117258666182847E+001  0.187803307838415E+003  0.244719614026179E+001  0.798045028429039E+001  0.526556909756760E+000  0.996194698100000E+000  0.000000000000000E+000 -0.871557427500000E-001  0.318352274179250E-002  0.999332672790049E+000  0.363878314450423E-001  0.870975813513594E-001 -0.365268270494144E-001  0.995529910271549E+000 -0.239684444362860E+000  0.000000000000000E+000  0.209696717056500E-001
  0.437500000000000E+000 -0.715112071773143E+001  0.118746916314325E+001  0.187786748198269E+003  0.251182597150155E+001  0.798264827265040E+001  0.535042160861272E+000  0.996194698100000E+000  0.000000000000000E+000 -0.871557427500000E-001  0.291006247715332E-002  0.999442424468894E+000  0.332621663175475E-001  0.871071468404473E-001 -0.333892223889437E-001  0.995639244312122E+000 -0.239684444362860E+000  0.000000000000000E+000  0.209696717056500E-001
  0.443750000000000E+000 -0.715166416998234E+001  0.120103411974380E+001  0.187784266275737E+003  0.257541783151381E+001  0.798314066175991E+001  0.542997745974655E+000  0.996194698100000E+000  0.000000000000000E+000 -0.871557427500000E-001  0.263208764012507E-002  0.999543881449570E+000  0.300848993915221E-001  0.871159893989552E-001 -0.301998188194554E-001  0.995740315218357E+000 -0.239684444362860E+000  0.000000000000000E+000  0.209696717056500E-001
  0.450000000000000E+000 -0.715227329051862E+001  0.121288732635990E+001  0.187783288327010E+003  0.263527827405414E+001  0.798342366120496E+001  0.550189462346140E+000  0.996194698100000E+000  0.000000000000000E+000 -0.871557427500000E-001  0.235002837447505E-002  0.999636417344032E+000  0.268609472327239E-001  0.871240544335681E-001 -0.269635516871899E-001  0.995832498985804E+000 -0.239684444362860E+000  0.000000000000000E+000  0.209696717056500E-001
  0.456250000000000E+000 -0.715405676961001E+001  0.122371474302343E+001  0.187801803867623E+003  0.269385845137711E+001  0.798208149799095E+001  0.556906031565542E+000  0.996194698100000E+000  0.000000000000000E+000 -0.871557427500000E-001  0.206432148167965E-002  0.999719460787142E+000  0.235953025048737E-001  0.871312921465328E-001 -0.236854327270322E-001  0.995915226423541E+000 -0.239684444362860E+000  0.000000000000000E+000  0.209696717056500E-001
  0.462500000000000E+000 -0.715500045288766E+001  0.123200554255593E+001  0.187802643184156E+003  0.274563280836467E+001  0.798234700787410E+001  0.562496142560759E+000  0.996194698100000E+000  0.000000000000000E+000 -0.871557427500000E-001  0.177540972125894E-002  0.999792498980269E+000  0.202930259724435E-001  0.871376578445039E-001 -0.203705420347524E-001  0.995987986684293E+000 -0.239684444362860E+000  0.000000000000000E+000  0.209696717056500E-001
  0.468750000000000E+000 -0.715645608037796E+001  0.123844133445977E+001  0.187814814178389E+003  0.279356717386545E+001  0.798187553959956E+001  0.567247517743404E+000  0.996194698100000E+000  0.000000000000000E+000 -0.871557427500000E-001  0.148374109729080E-002  0.999855080872775E+000  0.169592383454751E-001  0.871431122158280E-001 -0.170240198806727E-001  0.996050330433805E+000 -0.239684444362860E+000  0.000000000000000E+000  0.209696717056500E-001
  0.475000000000000E+000 -0.715735317372854E+001  0.124293430103420E+001  0.187818213935578E+003  0.283725323024103E+001  0.798186368812690E+001  0.571123129553286E+000  0.996194698100000E+000  0.000000000000000E+000 -0.871557427500000E-001  0.118976813263150E-002  0.999906819961262E+000  0.135991119838840E-001  0.871476215745143E-001 -0.136510583822831E-001  0.996101872639440E+000 -0.239684444362860E+000  0.000000000000000E+000  0.209696717056500E-001
  0.481250000000000E+000 -0.715727977003016E+001  0.124595532224378E+001  0.187813128756377E+003  0.287910248130978E+001  0.798182317049556E+001  0.574396405870529E+000  0.996194698100000E+000  0.000000000000000E+000 -0.871557427500000E-001  0.893947132447486E-003  0.999947396688883E+000  0.102178624795884E-001  0.871511580693485E-001 -0.102568930542157E-001  0.996142294960363E+000 -0.239684444362860E+000  0.000000000000000E+000  0.209696717056500E-001
  0.487500000000000E+000 -0.715712411920565E+001  0.124682460066444E+001  0.187813855157822E+003  0.291518118616827E+001  0.798144440258323E+001  0.576665443540992E+000  0.996194698100000E+000  0.000000000000000E+000 -0.871557427500000E-001  0.596737438731187E-003  0.999976560429510E+000  0.682074013558655E-002  0.871536998568242E-001 -0.684679425477315E-002  0.996171347724152E+000 -0.239684444362860E+000  0.000000000000000E+000  0.209696717056500E-001
  0.493750000000000E+000 -0.715667960147265E+001  0.124580747411730E+001  0.187811603505728E+003  0.294703459159087E+001  0.798084209477558E+001  0.578052183943911E+000  0.996194698100000E+000  0.000000000000000E+000 -0.871557427500000E-001  0.298600677532262E-003  0.999994131044188E+000  0.341302136177031E-002  0.871552312367970E-001 -0.342605854887586E-002  0.996188851477336E+000 -0.239684444362860E+000  0.000000000000000E+000  0.209696717056500E-001
  0.500000000000000E+000 -0.715719799341485E+001  0.124340564579212E+001  0.187823287113817E+003  0.297638763377719E+001  0.797897484003470E+001  0.578880366087425E+000  0.996194698100000E+000  0.000000000000000E+000 -0.871557427500000E-001  0.682946609814195E-012  0.100000000000000E+001  0.780611547002473E-011  0.871557427500000E-001 -0.783593356289990E-011  0.996194698100000E+000 -0.239684444362860E+000  0.000000000000000E+000  0.209696717056500E-001
  0.506250000000000E+000 -0.715744936553346E+001  0.123821299315610E+001  0.187827201464702E+003  0.299706294614560E+001  0.797807439671902E+001  0.578280017338363E+000  0.996194698100000E+000  0.000000000000000E+000 -0.871557427500000E-001 -0.298600676167430E-003  0.999994131044241E+000 -0.341302134617020E-002  0.871552312368017E-001  0.342605853321616E-002  0.996188851477390E+000 -0.239684444362860E+000  0.000000000000000E+000  0.209696717056500E-001
  0.512500000000000E+000 -0.715624532347736E+001  0.123128341739663E+001  0.187811154943594E+003  0.301365523375104E+001  0.797854096637067E+001  0.576803532203992E+000  0.996194698100000E+000  0.000000000000000E+000 -0.871557427500000E-001 -0.596737437369543E-003  0.999976560429617E+000 -0.682074012002289E-002  0.871536998568335E-001  0.684679423915004E-002  0.996171347724258E+000 -0.239684444362860E+000  0.000000000000000E+000  0.209696717056500E-001
  0.518750000000000E+000 -0.715483450641709E+001  0.122221833977072E+001  0.187798868883393E+003  0.302546271815870E+001  0.797836927466981E+001  0.574377932305844E+000  0.996194698100000E+000  0.000000000000000E+000 -0.871557427500000E-001 -0.893947131091135E-003  0.999947396689043E+000 -0.102178624640852E-001  0.871511580693624E-001  0.102568930386533E-001  0.996142294960522E+000 -0.239684444362860E+000  0.000000000000000E+000  0.209696717056500E-001
  0.525000000000000E+000 -0.715286904242232E+001  0.121122618345194E+001  0.187785280694936E+003  0.303225820143919E+001  0.797792489038559E+001  0.571008622129807E+000  0.996194698100000E+000  0.000000000000000E+000 -0.871557427500000E-001 -0.118976813128255E-002  0.999906819961473E+000 -0.135991119684655E-001  0.871476215745327E-001  0.136510583668057E-001  0.996101872639651E+000 -0.239684444362860E+000  0.000000000000000E+000  0.209696717056500E-001
  0.531250000000000E+000 -0.714817551189104E+001  0.119853184482524E+001  0.187733414301565E+003  0.303564281272055E+001  0.798029104220253E+001  0.566841197633560E+000  0.996194698100000E+000  0.000000000000000E+000 -0.871557427500000E-001 -0.148374109595134E-002  0.999855080873036E+000 -0.169592383301651E-001  0.871431122158508E-001  0.170240198653042E-001  0.996050330434065E+000 -0.239684444362860E+000  0.000000000000000E+000  0.209696717056500E-001
  0.537500000000000E+000 -0.714386965781452E+001  0.118422493922269E+001  0.187701888536740E+003  0.303647382912414E+001  0.798001821379055E+001  0.562069645957274E+000  0.996194698100000E+000  0.000000000000000E+000 -0.871557427500000E-001 -0.177540971993106E-002  0.999792498980579E+000 -0.202930259572658E-001  0.871376578445310E-001  0.203705420195167E-001  0.995987986684603E+000 -0.239684444362860E+000  0.000000000000000E+000  0.209696717056500E-001
