  0.000000000000000E+000 -0.277157314879040E+002  0.335471972346292E+000  0.206876978656496E+002  0.726088960180129E+000 -0.831435295386261E+001  0.311016431805517E+000  0.100000000000000E+001  0.000000000000000E+000  0.000000000000000E+000  0.000000000000000E+000  0.100000000000000E+001  0.000000000000000E+000  0.000000000000000E+000  0.000000000000000E+000  0.100000000000000E+001 -0.240600000000000E+000  0.000000000000000E+000  0.000000000000000E+000
  0.625000000000000E-002  0.577455949749146E+001  0.721562272775350E-001 -0.898807785828323E+001 -0.218331565258528E+001  0.950246280551120E+000  0.121362480119080E+000  0.100000000000000E+001  0.000000000000000E+000  0.000000000000000E+000  0.000000000000000E+000  0.999994131044227E+000  0.342605853723107E-002  0.000000000000000E+000 -0.342605853723107E-002  0.999994131044227E+000 -0.240600000000000E+000  0.000000000000000E+000  0.000000000000000E+000
  0.125000000000000E-001  0.603024890269064E+001  0.408864547050204E-001 -0.705247993290159E+001 -0.265896044001661E+001  0.136549500395793E+001  0.875736456680010E-001  0.100000000000000E+001  0.000000000000000E+000  0.000000000000000E+000  0.000000000000000E+000  0.999976560429615E+000  0.684679423934950E-002  0.000000000000000E+000 -0.684679423934950E-002  0.999976560429615E+000 -0.240600000000000E+000  0.000000000000000E+000  0.000000000000000E+000
  0.187500000000000E-001  0.605368560495791E+001  0.302680260699241E-001 -0.576401700567496E+001 -0.281740849174242E+001  0.127366727870610E+001  0.774419084383740E-001  0.100000000000000E+001  0.000000000000000E+000  0.000000000000000E+000  0.000000000000000E+000  0.999947396689080E+000  0.102568930350608E-001  0.000000000000000E+000 -0.102568930350608E-001  0.999947396689080E+000 -0.240600000000000E+000  0.000000000000000E+000  0.000000000000000E+000
  0.250000000000000E-001  0.606446100347939E+001  0.246993723906059E-001 -0.502208934160387E+001 -0.288230752872748E+001  0.121105318268543E+001  0.718529385553518E-001  0.100000000000000E+001  0.000000000000000E+000  0.000000000000000E+000  0.000000000000000E+000  0.999906819961573E+000  0.136510583594622E-001  0.000000000000000E+000 -0.136510583594622E-001  0.999906819961573E+000 -0.240600000000000E+000  0.000000000000000E+000  0.000000000000000E+000
  0.312500000000000E-001  0.606780853073191E+001  0.214599554016175E-001 -0.456366368288646E+001 -0.290405520675258E+001  0.115923392063108E+001  0.684644835628572E-001  0.100000000000000E+001  0.000000000000000E+000  0.000000000000000E+000  0.000000000000000E+000  0.999855080873224E+000  0.170240198542684E-001  0.000000000000000E+000 -0.170240198542684E-001  0.999855080873224E+000 -0.240600000000000E+000  0.000000000000000E+000  0.000000000000000E+000
  0.375000000000000E-001  0.606832767261037E+001  0.193724256297756E-001 -0.428090983091324E+001 -0.290343164666630E+001  0.112191915365935E+001  0.661541141863089E-001  0.100000000000000E+001  0.000000000000000E+000  0.000000000000000E+000  0.000000000000000E+000  0.999792498980878E+000  0.203705420048647E-001  0.000000000000000E+000 -0.203705420048647E-001  0.999792498980878E+000 -0.240600000000000E+000  0.000000000000000E+000  0.000000000000000E+000
  0.437500000000000E-001  0.606833301422541E+001  0.178554096493736E-001 -0.410601282647484E+001 -0.288993443552088E+001  0.109755172905447E+001  0.643280289396218E-001  0.100000000000000E+001  0.000000000000000E+000  0.000000000000000E+000  0.000000000000000E+000  0.999719460787930E+000  0.236854326937779E-001  0.000000000000000E+000 -0.236854326937779E-001  0.999719460787930E+000 -0.240600000000000E+000  0.000000000000000E+000  0.000000000000000E+000
  0.500000000000000E-001  0.606841619520526E+001  0.166250100513278E-001 -0.399620339179958E+001 -0.286794740953584E+001  0.108209778333222E+001  0.626989732352100E-001  0.100000000000000E+001  0.000000000000000E+000  0.000000000000000E+000  0.000000000000000E+000  0.999636417345016E+000  0.269635516507024E-001  0.000000000000000E+000 -0.269635516507024E-001  0.999636417345016E+000 -0.240600000000000E+000  0.000000000000000E+000  0.000000000000000E+000
  0.562500000000000E-001  0.606867321974366E+001  0.155401865486954E-001 -0.392588821876332E+001 -0.283953669007637E+001  0.107231713806274E+001  0.611289260911278E-001  0.100000000000000E+001  0.000000000000000E+000  0.000000000000000E+000  0.000000000000000E+000  0.999543881450766E+000  0.301998187798846E-001  0.000000000000000E+000 -0.301998187798846E-001  0.999543881450766E+000 -0.240600000000000E+000  0.000000000000000E+000  0.000000000000000E+000
  0.625000000000000E-001  0.606908994478746E+001  0.145283632705230E-001 -0.387989961005569E+001 -0.280572226015265E+001  0.106607577537692E+001  0.595496188749214E-001  0.100000000000000E+001  0.000000000000000E+000  0.000000000000000E+000  0.000000000000000E+000  0.999442424470314E+000  0.333892223464551E-001  0.000000000000000E+000 -0.333892223464551E-001  0.999442424470314E+000 -0.240600000000000E+000  0.000000000000000E+000  0.000000000000000E+000
  0.687500000000000E-001  0.606963378928982E+001  0.135510794950730E-001 -0.384916510274107E+001 -0.276704033304097E+001  0.106203991572550E+001  0.579265956237274E-001  0.100000000000000E+001  0.000000000000000E+000  0.000000000000000E+000  0.000000000000000E+000  0.999332672791702E+000  0.365268270041892E-001  0.000000000000000E+000 -0.365268270041892E-001  0.999332672791702E+000 -0.240600000000000E+000  0.000000000000000E+000  0.000000000000000E+000
  0.750000000000000E-001  0.607027564896244E+001  0.125875101157290E-001 -0.382817676870603E+001 -0.272379762546043E+001  0.105938865619299E+001  0.562424405947299E-001  0.100000000000000E+001  0.000000000000000E+000  0.000000000000000E+000  0.000000000000000E+000  0.999215303942505E+000  0.396077816481576E-001  0.000000000000000E+000 -0.396077816481576E-001  0.999215303942505E+000 -0.240600000000000E+000  0.000000000000000E+000  0.000000000000000E+000
  0.812500000000000E-001  0.607099334218146E+001  0.116262726595984E-001 -0.381353402094081E+001 -0.267619040555711E+001  0.105761699287173E+001  0.544886456987357E-001  0.100000000000000E+001  0.000000000000000E+000  0.000000000000000E+000  0.000000000000000E+000  0.999091042391176E+000  0.426273270768020E-001  0.000000000000000E+000 -0.426273270768020E-001  0.999091042391176E+000 -0.240600000000000E+000  0.000000000000000E+000  0.000000000000000E+000
  0.875000000000000E-001  0.607177041160179E+001  0.106612003544803E-001 -0.380310021076871E+001 -0.262436190220722E+001  0.105641196352119E+001  0.526615257234916E-001  0.100000000000000E+001  0.000000000000000E+000  0.000000000000000E+000  0.000000000000000E+000  0.998960655059514E+000  0.455808034491047E-001  0.000000000000000E+000 -0.455808034491047E-001  0.998960655059514E+000 -0.240600000000000E+000  0.000000000000000E+000  0.000000000000000E+000
  0.937500000000000E-001  0.607259433813853E+001  0.968909839143042E-002 -0.379550907335808E+001 -0.256843065971031E+001  0.105557739581364E+001  0.507601076262199E-001  0.100000000000000E+001  0.000000000000000E+000  0.000000000000000E+000  0.000000000000000E+000  0.998824946574435E+000  0.484636575237184E-001  0.000000000000000E+000 -0.484636575237184E-001  0.998824946574435E+000 -0.240600000000000E+000  0.000000000000000E+000  0.000000000000000E+000
  0.100000000000000E+000  0.607345512624412E+001  0.870851801006258E-002 -0.378987188459712E+001 -0.250850486167440E+001  0.105498868021744E+001  0.487850082814689E-001  0.100000000000000E+001  0.000000000000000E+000  0.000000000000000E+000  0.000000000000000E+000  0.998684754288822E+000  0.512714496681599E-001  0.000000000000000E+000 -0.512714496681599E-001  0.998684754288822E+000 -0.240600000000000E+000  0.000000000000000E+000  0.000000000000000E+000
  0.106250000000000E+000  0.607434434752952E+001  0.771906605945820E-002 -0.378560093653638E+001 -0.244468970269129E+001  0.105456555188460E+001  0.467378194402904E-001  0.100000000000000E+001  0.000000000000000E+000  0.000000000000000E+000  0.000000000000000E+000  0.998540943102594E+000  0.539998606274358E-001  0.000000000000000E+000 -0.539998606274358E-001  0.998540943102594E+000 -0.240600000000000E+000  0.000000000000000E+000  0.000000000000000E+000
  0.112500000000000E+000  0.607439573104256E+001  0.697407838812556E-002 -0.375300815952985E+001 -0.237706887940527E+001  0.104322197463589E+001  0.447340133486156E-001  0.100000000000000E+001  0.000000000000000E+000  0.000000000000000E+000  0.000000000000000E+000  0.998394400116330E+000  0.566446980427474E-001  0.000000000000000E+000 -0.566446980427474E-001  0.998394400116330E+000 -0.240600000000000E+000  0.000000000000000E+000  0.000000000000000E+000
  0.118750000000000E+000  0.607629986607234E+001  0.587729932765830E-002 -0.381799773654654E+001 -0.230582811694307E+001  0.105181219523383E+001  0.425343841434377E-001  0.100000000000000E+001  0.000000000000000E+000  0.000000000000000E+000  0.000000000000000E+000  0.998246029150758E+000  0.592019027122010E-001  0.000000000000000E+000 -0.592019027122010E-001  0.998246029150758E+000 -0.240600000000000E+000  0.000000000000000E+000  0.000000000000000E+000
  0.125000000000000E+000  0.607744779624247E+001  0.479690445181719E-002 -0.382488470260121E+001 -0.223105584223047E+001  0.105643720366116E+001  0.402494125197211E-001  0.100000000000000E+001  0.000000000000000E+000  0.000000000000000E+000  0.000000000000000E+000  0.998096745166166E+000  0.616675545867089E-001  0.000000000000000E+000 -0.616675545867089E-001  0.998096745166166E+000 -0.240600000000000E+000  0.000000000000000E+000  0.000000000000000E+000
  0.131250000000000E+000  0.607824422176948E+001  0.377117306507199E-002 -0.380775334325164E+001 -0.215281280154593E+001  0.105562491374463E+001  0.379270925330385E-001  0.100000000000000E+001  0.000000000000000E+000  0.000000000000000E+000  0.000000000000000E+000  0.997947468616357E+000  0.640378784955020E-001  0.000000000000000E+000 -0.640378784955020E-001  0.997947468616357E+000 -0.240600000000000E+000  0.000000000000000E+000  0.000000000000000E+000
  0.137500000000000E+000  0.607912611322200E+001  0.273875813348500E-002 -0.379948982792537E+001 -0.207121767402811E+001  0.105476866763532E+001  0.355531139837469E-001  0.100000000000000E+001  0.000000000000000E+000  0.000000000000000E+000  0.000000000000000E+000  0.997799119772062E+000  0.663092495968614E-001  0.000000000000000E+000 -0.663092495968614E-001  0.997799119772062E+000 -0.240600000000000E+000  0.000000000000000E+000  0.000000000000000E+000
  0.143750000000000E+000  0.608001185668230E+001  0.170541562056401E-002 -0.379479342035872E+001 -0.198642036650062E+001  0.105421995697522E+001  0.331269415611776E-001  0.100000000000000E+001  0.000000000000000E+000  0.000000000000000E+000  0.000000000000000E+000  0.997652613048869E+000  0.684781985508124E-001  0.000000000000000E+000 -0.684781985508124E-001  0.997652613048869E+000 -0.240600000000000E+000  0.000000000000000E+000  0.000000000000000E+000
  0.150000000000000E+000  0.608089093743834E+001  0.672283722729734E-003 -0.379174348938182E+001 -0.189855647613432E+001  0.105385574342599E+001  0.306515854749750E-001  0.100000000000000E+001  0.000000000000000E+000  0.000000000000000E+000  0.000000000000000E+000  0.997508851374586E+000  0.705414164115918E-001  0.000000000000000E+000 -0.705414164115918E-001  0.997508851374586E+000 -0.240600000000000E+000  0.000000000000000E+000  0.000000000000000E+000
  0.156250000000000E+000  0.608175521942194E+001 -0.359135613076747E-003 -0.378972966809756E+001 -0.180776156971188E+001  0.105361052795802E+001  0.281311402565430E-001  0.100000000000000E+001  0.000000000000000E+000  0.000000000000000E+000  0.000000000000000E+000  0.997368720630643E+000  0.724957592386868E-001  0.000000000000000E+000 -0.724957592386868E-001  0.997368720630643E+000 -0.240600000000000E+000  0.000000000000000E+000  0.000000000000000E+000
  0.162500000000000E+000  0.608259586260206E+001 -0.139059271951514E-002 -0.378834267125343E+001 -0.171419055856278E+001  0.105343343682958E+001  0.255663893817266E-001  0.100000000000000E+001  0.000000000000000E+000  0.000000000000000E+000  0.000000000000000E+000  0.997233084201595E+000  0.743382524261514E-001  0.000000000000000E+000 -0.743382524261514E-001  0.997233084201595E+000 -0.240600000000000E+000  0.000000000000000E+000  0.000000000000000E+000
  0.168750000000000E+000  0.608340712434665E+001 -0.241839710643996E-002 -0.378741909780275E+001 -0.161796768961331E+001  0.105331026810639E+001  0.229632568303329E-001  0.100000000000000E+001  0.000000000000000E+000  0.000000000000000E+000  0.000000000000000E+000  0.997102777666062E+000  0.760660947507110E-001  0.000000000000000E+000 -0.760660947507110E-001  0.997102777666062E+000 -0.240600000000000E+000  0.000000000000000E+000  0.000000000000000E+000
  0.175000000000000E+000  0.608418257095727E+001 -0.344189856100816E-002 -0.378678912509176E+001 -0.151924881153143E+001  0.105322268300121E+001  0.203251038960377E-001  0.100000000000000E+001  0.000000000000000E+000  0.000000000000000E+000  0.000000000000000E+000  0.996978603661486E+000  0.776766621398796E-001  0.000000000000000E+000 -0.776766621398796E-001  0.996978603661486E+000 -0.240600000000000E+000  0.000000000000000E+000  0.000000000000000E+000
  0.181250000000000E+000  0.608491669060614E+001 -0.445974656114077E-002 -0.378635441484780E+001 -0.141818706236310E+001  0.105315893035023E+001  0.176558224444458E-001  0.100000000000000E+001  0.000000000000000E+000  0.000000000000000E+000  0.000000000000000E+000  0.996861326953969E+000  0.791675111619133E-001  0.000000000000000E+000 -0.791675111619133E-001  0.996861326953969E+000 -0.240600000000000E+000  0.000000000000000E+000  0.000000000000000E+000
  0.187500000000000E+000  0.608560445581346E+001 -0.547049856615788E-002 -0.378605171883824E+001 -0.131493850888485E+001  0.105311140218948E+001  0.149594479806920E-001  0.100000000000000E+001  0.000000000000000E+000  0.000000000000000E+000  0.000000000000000E+000  0.996751669743124E+000  0.805363822399206E-001  0.000000000000000E+000 -0.805363822399206E-001  0.996751669743124E+000 -0.240600000000000E+000  0.000000000000000E+000  0.000000000000000E+000
  0.193750000000000E+000  0.608624128964917E+001 -0.647267833892979E-002 -0.378583954255488E+001 -0.120966244657664E+001  0.105307513880341E+001  0.122400862981913E-001  0.100000000000000E+001  0.000000000000000E+000  0.000000000000000E+000  0.000000000000000E+000  0.996650307230409E+000  0.817812025928370E-001  0.000000000000000E+000 -0.817812025928370E-001  0.996650307230409E+000 -0.240600000000000E+000  0.000000000000000E+000  0.000000000000000E+000
  0.200000000000000E+000  0.608682304687472E+001 -0.746478929443699E-002 -0.378569011605129E+001 -0.110252124526622E+001  0.105304682116927E+001  0.950190113548170E-002  0.100000000000000E+001  0.000000000000000E+000  0.000000000000000E+000  0.000000000000000E+000  0.996557863477750E+000  0.829000889062423E-001  0.000000000000000E+000 -0.829000889062423E-001  0.996557863477750E+000 -0.240600000000000E+000  0.000000000000000E+000  0.000000000000000E+000
  0.206250000000000E+000  0.608734599553774E+001 -0.844533496372625E-002 -0.378558520982318E+001 -0.993680146674845E+000  0.105302434838736E+001  0.674909440527109E-002  0.100000000000000E+001  0.000000000000000E+000  0.000000000000000E+000  0.000000000000000E+000  0.996474907581442E+000  0.838913497361701E-001  0.000000000000000E+000 -0.838913497361701E-001  0.996474907581442E+000 -0.240600000000000E+000  0.000000000000000E+000  0.000000000000000E+000
  0.212500000000000E+000  0.608780681453415E+001 -0.941282699816386E-002 -0.378551217243754E+001 -0.883306980540183E+000  0.105300629599003E+001  0.398589841805492E-002  0.100000000000000E+001  0.000000000000000E+000  0.000000000000000E+000  0.000000000000000E+000  0.996401950184418E+000  0.847534876491181E-001  0.000000000000000E+000 -0.847534876491181E-001  0.996401950184418E+000 -0.240600000000000E+000  0.000000000000000E+000  0.000000000000000E+000
  0.218750000000000E+000  0.608820260864490E+001 -0.103657822385499E-001 -0.378546262928582E+001 -0.771571899341770E+000  0.105299181520832E+001  0.121656775335055E-002  0.100000000000000E+001  0.000000000000000E+000  0.000000000000000E+000  0.000000000000000E+000  0.996339440347840E+000  0.854852011014309E-001  0.000000000000000E+000 -0.854852011014309E-001  0.996339440347840E+000 -0.240600000000000E+000  0.000000000000000E+000  0.000000000000000E+000
  0.225000000000000E+000  0.608853037351306E+001 -0.113027080717682E-001 -0.378541285303556E+001 -0.658647207705253E+000  0.105297374699417E+001 -0.155462102941086E-002  0.100000000000000E+001  0.000000000000000E+000  0.000000000000000E+000  0.000000000000000E+000  0.996287762800845E+000  0.860853860610940E-001  0.000000000000000E+000 -0.860853860610940E-001  0.996287762800845E+000 -0.240600000000000E+000  0.000000000000000E+000  0.000000000000000E+000
  0.231250000000000E+000  0.608878852008270E+001 -0.122221914557085E-001 -0.378539571109866E+001 -0.544707017565949E+000  0.105295592701066E+001 -0.432340946040710E-002  0.100000000000000E+001  0.000000000000000E+000  0.000000000000000E+000  0.000000000000000E+000  0.996247235584915E+000  0.865531373747604E-001  0.000000000000000E+000 -0.865531373747604E-001  0.996247235584915E+000 -0.240600000000000E+000  0.000000000000000E+000  0.000000000000000E+000
  0.237500000000000E+000  0.608897664542317E+001 -0.131229305210080E-001 -0.378545315915184E+001 -0.429927021502648E+000  0.105295452495219E+001 -0.708555703345118E-002  0.100000000000000E+001  0.000000000000000E+000  0.000000000000000E+000  0.000000000000000E+000  0.996218108107030E+000  0.868877498825340E-001  0.000000000000000E+000 -0.868877498825340E-001  0.996218108107030E+000 -0.240600000000000E+000  0.000000000000000E+000  0.000000000000000E+000
  0.243750000000000E+000  0.608909237333511E+001 -0.140034084647335E-001 -0.378549368466935E+001 -0.314484204620981E+000  0.105295837455103E+001 -0.983678891723298E-002  0.100000000000000E+001  0.000000000000000E+000  0.000000000000000E+000  0.000000000000000E+000  0.996200559613226E+000  0.870887192826709E-001  0.000000000000000E+000 -0.870887192826709E-001  0.996200559613226E+000 -0.240600000000000E+000  0.000000000000000E+000  0.000000000000000E+000
  0.250000000000000E+000  0.608913445852510E+001 -0.148622722138754E-001 -0.378549325430594E+001 -0.198556547717219E+000  0.105295781658064E+001 -0.125728566565762E-001  0.100000000000000E+001  0.000000000000000E+000  0.000000000000000E+000  0.000000000000000E+000  0.996194698091721E+000  0.871557427479406E-001  0.000000000000000E+000 -0.871557427479406E-001  0.996194698091721E+000 -0.240600000000000E+000  0.000000000000000E+000  0.000000000000000E+000
  0.256250000000000E+000  0.608910302703818E+001 -0.156982206951695E-001 -0.378548740814690E+001 -0.823227372621122E-001  0.105295548347554E+001 -0.152895364383052E-001  0.100000000000000E+001  0.000000000000000E+000  0.000000000000000E+000  0.000000000000000E+000  0.996200559612155E+000  0.870887192949230E-001  0.000000000000000E+000 -0.870887192949230E-001  0.996200559612155E+000 -0.240600000000000E+000  0.000000000000000E+000  0.000000000000000E+000
  0.262500000000000E+000  0.608899843792253E+001 -0.165099702595368E-001 -0.378548989461245E+001  0.340379802755345E-001  0.105295420081193E+001 -0.179826436084059E-001  0.100000000000000E+001  0.000000000000000E+000  0.000000000000000E+000  0.000000000000000E+000  0.996218108104894E+000  0.868877499070198E-001  0.000000000000000E+000 -0.868877499070198E-001  0.996218108104894E+000 -0.240600000000000E+000  0.000000000000000E+000  0.000000000000000E+000
  0.268750000000000E+000  0.608882132908731E+001 -0.172962662121286E-001 -0.378549945262146E+001  0.150346202338833E+000  0.105295451748368E+001 -0.206480253179933E-001  0.100000000000000E+001  0.000000000000000E+000  0.000000000000000E+000  0.000000000000000E+000  0.996247235581728E+000  0.865531374114430E-001  0.000000000000000E+000 -0.865531374114430E-001  0.996247235581728E+000 -0.240600000000000E+000  0.000000000000000E+000  0.000000000000000E+000
  0.275000000000000E+000  0.608857279225298E+001 -0.180558943500232E-001 -0.378551450254897E+001  0.266422602153353E+000  0.105295646064858E+001 -0.232815717023267E-001  0.100000000000000E+001  0.000000000000000E+000  0.000000000000000E+000  0.000000000000000E+000  0.996287762796626E+000  0.860853861099180E-001  0.000000000000000E+000 -0.860853861099180E-001  0.996287762796626E+000 -0.240600000000000E+000  0.000000000000000E+000  0.000000000000000E+000
  0.281250000000000E+000  0.608825435485354E+001 -0.187876847215500E-001 -0.378553386102367E+001  0.382088216594412E+000  0.105295996818105E+001 -0.258792214490986E-001  0.100000000000000E+001  0.000000000000000E+000  0.000000000000000E+000  0.000000000000000E+000  0.996339440342616E+000  0.854852011623228E-001  0.000000000000000E+000 -0.854852011623228E-001  0.996339440342616E+000 -0.240600000000000E+000  0.000000000000000E+000  0.000000000000000E+000
  0.287500000000000E+000  0.608786797623910E+001 -0.194905084028791E-001 -0.378555661671496E+001  0.497164713933574E+000  0.105296496793426E+001 -0.284369683009414E-001  0.100000000000000E+001  0.000000000000000E+000  0.000000000000000E+000  0.000000000000000E+000  0.996401950178220E+000  0.847534877219860E-001  0.000000000000000E+000 -0.847534877219860E-001  0.996401950178220E+000 -0.240600000000000E+000  0.000000000000000E+000  0.000000000000000E+000
  0.293750000000000E+000  0.608741603391550E+001 -0.201632810243808E-001 -0.378558198461074E+001  0.611474668829506E+000  0.105297137111149E+001 -0.309508677297821E-001  0.100000000000000E+001  0.000000000000000E+000  0.000000000000000E+000  0.000000000000000E+000  0.996474907574309E+000  0.838913498209041E-001  0.000000000000000E+000 -0.838913498209041E-001  0.996474907574309E+000 -0.240600000000000E+000  0.000000000000000E+000  0.000000000000000E+000
  0.300000000000000E+000  0.608690131277387E+001 -0.208049637364356E-001 -0.378560948769898E+001  0.724841839961617E+000  0.105297913428144E+001 -0.334170433499320E-001  0.100000000000000E+001  0.000000000000000E+000  0.000000000000000E+000  0.000000000000000E+000  0.996557863469725E+000  0.829000890027143E-001  0.000000000000000E+000 -0.829000890027143E-001  0.996557863469725E+000 -0.240600000000000E+000  0.000000000000000E+000  0.000000000000000E+000
  0.306250000000000E+000  0.608632698023829E+001 -0.214145674550570E-001 -0.378563836725844E+001  0.837091446582879E+000  0.105298812995104E+001 -0.358316902309477E-001  0.100000000000000E+001  0.000000000000000E+000  0.000000000000000E+000  0.000000000000000E+000  0.996650307221542E+000  0.817812027009014E-001  0.000000000000000E+000 -0.817812027009014E-001  0.996650307221542E+000 -0.240600000000000E+000  0.000000000000000E+000  0.000000000000000E+000
  0.312500000000000E+000  0.608569657917785E+001 -0.219911501755544E-001 -0.378566839978439E+001  0.948050414777995E+000  0.105299830264037E+001 -0.381910840392300E-001  0.100000000000000E+001  0.000000000000000E+000  0.000000000000000E+000  0.000000000000000E+000  0.996751669733469E+000  0.805363823594139E-001  0.000000000000000E+000 -0.805363823594139E-001  0.996751669733469E+000 -0.240600000000000E+000  0.000000000000000E+000  0.000000000000000E+000
  0.318750000000000E+000  0.608501399573915E+001 -0.225338249742910E-001 -0.378569919159557E+001  0.105754764683785E+001  0.105300956222386E+001 -0.404915884038532E-001  0.100000000000000E+001  0.000000000000000E+000  0.000000000000000E+000  0.000000000000000E+000  0.996861326943586E+000  0.791675112926546E-001  0.000000000000000E+000 -0.791675112926546E-001  0.996861326943586E+000 -0.240600000000000E+000  0.000000000000000E+000  0.000000000000000E+000
  0.325000000000000E+000  0.608428343917693E+001 -0.230417499826664E-001 -0.378573051646737E+001  0.116541434187944E+001  0.105302185020828E+001 -0.427296511465307E-001  0.100000000000000E+001  0.000000000000000E+000  0.000000000000000E+000  0.000000000000000E+000  0.996978603650439E+000  0.776766622816709E-001  0.000000000000000E+000 -0.776766622816709E-001  0.996978603650439E+000 -0.240600000000000E+000  0.000000000000000E+000  0.000000000000000E+000
  0.331250000000000E+000  0.608350940871538E+001 -0.235141417008920E-001 -0.378576198986600E+001  0.127148417406888E+001  0.105303507660925E+001 -0.449018216999594E-001  0.100000000000000E+001  0.000000000000000E+000  0.000000000000000E+000  0.000000000000000E+000  0.997102777654418E+000  0.760660949033371E-001  0.000000000000000E+000 -0.760660949033371E-001  0.997102777654418E+000 -0.240600000000000E+000  0.000000000000000E+000  0.000000000000000E+000
  0.337500000000000E+000  0.608269667267338E+001 -0.239502717961492E-001 -0.378579318901900E+001  0.137559358873636E+001  0.105304911146668E+001 -0.470047506796819E-001  0.100000000000000E+001  0.000000000000000E+000  0.000000000000000E+000  0.000000000000000E+000  0.997233084189427E+000  0.743382525893809E-001  0.000000000000000E+000 -0.743382525893809E-001  0.997233084189427E+000 -0.240600000000000E+000  0.000000000000000E+000  0.000000000000000E+000
  0.343750000000000E+000  0.608185024388524E+001 -0.243494654720634E-001 -0.378582406949142E+001  0.147758205535392E+001  0.105306388363624E+001 -0.490351932087768E-001  0.100000000000000E+001  0.000000000000000E+000  0.000000000000000E+000  0.000000000000000E+000  0.997368720618026E+000  0.724957594122716E-001  0.000000000000000E+000 -0.724957594122716E-001  0.997368720618026E+000 -0.240600000000000E+000  0.000000000000000E+000  0.000000000000000E+000
  0.350000000000000E+000  0.608097534043340E+001 -0.247111035348880E-001 -0.378585446625689E+001  0.157729231677882E+001  0.105307932480747E+001 -0.509900166257769E-001  0.100000000000000E+001  0.000000000000000E+000  0.000000000000000E+000  0.000000000000000E+000  0.997508851361597E+000  0.705414165952677E-001  0.000000000000000E+000 -0.705414165952677E-001  0.997508851361597E+000 -0.240600000000000E+000  0.000000000000000E+000  0.000000000000000E+000
  0.356250000000000E+000  0.608007695637283E+001 -0.250354939189316E-001 -0.378587293168000E+001  0.167456900475803E+001  0.105309110169573E+001 -0.528670482642935E-001  0.100000000000000E+001  0.000000000000000E+000  0.000000000000000E+000  0.000000000000000E+000  0.997652613035588E+000  0.684781987442998E-001  0.000000000000000E+000 -0.684781987442998E-001  0.997652613035588E+000 -0.240600000000000E+000  0.000000000000000E+000  0.000000000000000E+000
  0.362500000000000E+000  0.607916172223125E+001 -0.253197430069307E-001 -0.378592494049468E+001  0.176927320584780E+001  0.105311006755779E+001 -0.546611812539308E-001  0.100000000000000E+001  0.000000000000000E+000  0.000000000000000E+000  0.000000000000000E+000  0.997799119758571E+000  0.663092497998652E-001  0.000000000000000E+000 -0.663092497998652E-001  0.997799119758571E+000 -0.240600000000000E+000  0.000000000000000E+000  0.000000000000000E+000
  0.368750000000000E+000  0.607823434017063E+001 -0.255655484837677E-001 -0.378595725584203E+001  0.186124280837969E+001  0.105312785521801E+001 -0.563714715448145E-001  0.100000000000000E+001  0.000000000000000E+000  0.000000000000000E+000  0.000000000000000E+000  0.997947468602740E+000  0.640378787077125E-001  0.000000000000000E+000 -0.640378787077125E-001  0.997947468602740E+000 -0.240600000000000E+000  0.000000000000000E+000  0.000000000000000E+000
  0.375000000000000E+000  0.607730076804758E+001 -0.257719803489271E-001 -0.378598542010248E+001  0.195034175064549E+001  0.105314532855706E+001 -0.579948990004284E-001  0.100000000000000E+001  0.000000000000000E+000  0.000000000000000E+000  0.000000000000000E+000  0.998096745152506E+000  0.616675548078016E-001  0.000000000000000E+000 -0.616675548078016E-001  0.998096745152506E+000 -0.240600000000000E+000  0.000000000000000E+000  0.000000000000000E+000
  0.381250000000000E+000  0.607636676314052E+001 -0.259386775659243E-001 -0.378601113433919E+001  0.203643326897935E+001  0.105316273622848E+001 -0.595289064676506E-001  0.100000000000000E+001  0.000000000000000E+000  0.000000000000000E+000  0.000000000000000E+000  0.998246029137139E+000  0.592019029418376E-001  0.000000000000000E+000 -0.592019029418376E-001  0.998246029137139E+000 -0.240600000000000E+000  0.000000000000000E+000  0.000000000000000E+000
  0.387500000000000E+000  0.607543808567188E+001 -0.260653731594548E-001 -0.378603463467919E+001  0.211938475897165E+001  0.105318008194417E+001 -0.609711198388566E-001  0.100000000000000E+001  0.000000000000000E+000  0.000000000000000E+000  0.000000000000000E+000  0.998394400102836E+000  0.566446982805762E-001  0.000000000000000E+000 -0.566446982805762E-001  0.998394400102836E+000 -0.240600000000000E+000  0.000000000000000E+000  0.000000000000000E+000
  0.393750000000000E+000  0.607452046288682E+001 -0.261518693022483E-001 -0.378605601745213E+001  0.219906835363979E+001  0.105319731129095E+001 -0.623193140971903E-001  0.100000000000000E+001  0.000000000000000E+000  0.000000000000000E+000  0.000000000000000E+000  0.998540943089309E+000  0.539998608730919E-001  0.000000000000000E+000 -0.539998608730919E-001  0.998540943089309E+000 -0.240600000000000E+000  0.000000000000000E+000  0.000000000000000E+000
  0.400000000000000E+000  0.607361954788352E+001 -0.261980459562595E-001 -0.378607526006423E+001  0.227536118928696E+001  0.105321434667109E+001 -0.635714162424260E-001  0.100000000000000E+001  0.000000000000000E+000  0.000000000000000E+000  0.000000000000000E+000  0.998684754275828E+000  0.512714499212661E-001  0.000000000000000E+000 -0.512714499212661E-001  0.998684754275828E+000 -0.240600000000000E+000  0.000000000000000E+000  0.000000000000000E+000
  0.406250000000000E+000  0.607274088129193E+001 -0.262038131146414E-001 -0.378609140364448E+001  0.234814566341677E+001  0.105323072079218E+001 -0.647254781372343E-001  0.100000000000000E+001  0.000000000000000E+000  0.000000000000000E+000  0.000000000000000E+000  0.998824946561812E+000  0.484636577838855E-001  0.000000000000000E+000 -0.484636577838855E-001  0.998824946561812E+000 -0.240600000000000E+000  0.000000000000000E+000  0.000000000000000E+000
  0.412500000000000E+000  0.607188994000104E+001 -0.261691837347052E-001 -0.378610752598346E+001  0.241730933559374E+001  0.105324707226567E+001 -0.657797519243173E-001  0.100000000000000E+001  0.000000000000000E+000  0.000000000000000E+000  0.000000000000000E+000  0.998960655047340E+000  0.455808037159324E-001  0.000000000000000E+000 -0.455808037159324E-001  0.998960655047340E+000 -0.240600000000000E+000  0.000000000000000E+000  0.000000000000000E+000
  0.418750000000000E+000  0.607107194407095E+001 -0.260941760004450E-001 -0.378612124548385E+001  0.248274590347582E+001  0.105326302182474E+001 -0.667325768702394E-001  0.100000000000000E+001  0.000000000000000E+000  0.000000000000000E+000  0.000000000000000E+000  0.999091042379525E+000  0.426273273498791E-001  0.000000000000000E+000 -0.426273273498791E-001  0.999091042379525E+000 -0.240600000000000E+000  0.000000000000000E+000  0.000000000000000E+000
  0.425000000000000E+000  0.607029193012884E+001 -0.259789174832302E-001 -0.378613221489668E+001  0.254435432862964E+001  0.105327836546346E+001 -0.675824920952416E-001  0.100000000000000E+001  0.000000000000000E+000  0.000000000000000E+000  0.000000000000000E+000  0.999215303931449E+000  0.396077819270629E-001  0.000000000000000E+000 -0.396077819270629E-001  0.999215303931449E+000 -0.240600000000000E+000  0.000000000000000E+000  0.000000000000000E+000
  0.431250000000000E+000  0.606955470369812E+001 -0.258235920057812E-001 -0.378614046603488E+001  0.260203955283026E+001  0.105329299360186E+001 -0.683281924003538E-001  0.100000000000000E+001  0.000000000000000E+000  0.000000000000000E+000  0.000000000000000E+000  0.999332672781310E+000  0.365268272884920E-001  0.000000000000000E+000 -0.365268272884920E-001  0.999332672781310E+000 -0.240600000000000E+000  0.000000000000000E+000  0.000000000000000E+000
  0.437500000000000E+000  0.606886480930984E+001 -0.256284425845531E-001 -0.378614606586900E+001  0.265571259881843E+001  0.105330682531332E+001 -0.689685309959331E-001  0.100000000000000E+001  0.000000000000000E+000  0.000000000000000E+000  0.000000000000000E+000  0.999442424460650E+000  0.333892226357161E-001  0.000000000000000E+000 -0.333892226357161E-001  0.999442424460650E+000 -0.240600000000000E+000  0.000000000000000E+000  0.000000000000000E+000
  0.443750000000000E+000  0.606822649988018E+001 -0.253937724911125E-001 -0.378614904883018E+001  0.270529068877767E+001  0.105331978202035E+001 -0.695025225000740E-001  0.100000000000000E+001  0.000000000000000E+000  0.000000000000000E+000  0.000000000000000E+000  0.999543881441890E+000  0.301998190736563E-001  0.000000000000000E+000 -0.301998190736563E-001  0.999543881441890E+000 -0.240600000000000E+000  0.000000000000000E+000  0.000000000000000E+000
  0.450000000000000E+000  0.606764377811256E+001 -0.251207639117028E-001 -0.378615573391623E+001  0.275069556985613E+001  0.105333418322441E+001 -0.699302082209626E-001  0.100000000000000E+001  0.000000000000000E+000  0.000000000000000E+000  0.000000000000000E+000  0.999636417336983E+000  0.269635519485302E-001  0.000000000000000E+000 -0.269635519485302E-001  0.999636417336983E+000 -0.240600000000000E+000  0.000000000000000E+000  0.000000000000000E+000
  0.456250000000000E+000  0.606711993681803E+001 -0.248074168228375E-001 -0.378614055087243E+001  0.279186948458579E+001  0.105334380332198E+001 -0.702486129718188E-001  0.100000000000000E+001  0.000000000000000E+000  0.000000000000000E+000  0.000000000000000E+000  0.999719460780788E+000  0.236854329952002E-001  0.000000000000000E+000 -0.236854329952002E-001  0.999719460780788E+000 -0.240600000000000E+000  0.000000000000000E+000  0.000000000000000E+000
  0.462500000000000E+000  0.606665858621328E+001 -0.244565150256740E-001 -0.378613284795253E+001  0.282873130353916E+001  0.105335318939289E+001 -0.704591923495813E-001  0.100000000000000E+001  0.000000000000000E+000  0.000000000000000E+000  0.000000000000000E+000  0.999792498974672E+000  0.203705423094144E-001  0.000000000000000E+000 -0.203705423094144E-001  0.999792498974672E+000 -0.240600000000000E+000  0.000000000000000E+000  0.000000000000000E+000
  0.468750000000000E+000  0.606626242264484E+001 -0.240679659236012E-001 -0.378612415466156E+001  0.286123039902570E+001  0.105336172876659E+001 -0.705612039607227E-001  0.100000000000000E+001  0.000000000000000E+000  0.000000000000000E+000  0.000000000000000E+000  0.999855080867993E+000  0.170240201614731E-001  0.000000000000000E+000 -0.170240201614731E-001  0.999855080867993E+000 -0.240600000000000E+000  0.000000000000000E+000  0.000000000000000E+000
  0.475000000000000E+000  0.606593389449650E+001 -0.236423232909738E-001 -0.378611355465714E+001  0.288931733759060E+001  0.105336918295812E+001 -0.705544340100678E-001  0.100000000000000E+001  0.000000000000000E+000  0.000000000000000E+000  0.000000000000000E+000  0.999906819957350E+000  0.136510586688450E-001  0.000000000000000E+000 -0.136510586688450E-001  0.999906819957350E+000 -0.240600000000000E+000  0.000000000000000E+000  0.000000000000000E+000
  0.481250000000000E+000  0.606567502435634E+001 -0.231802357367175E-001 -0.378610088512078E+001  0.291294894916776E+001  0.105337544359822E+001 -0.704388851655654E-001  0.100000000000000E+001  0.000000000000000E+000  0.000000000000000E+000  0.000000000000000E+000  0.999947396685889E+000  0.102568933461415E-001  0.000000000000000E+000 -0.102568933461415E-001  0.999947396685889E+000 -0.240600000000000E+000  0.000000000000000E+000  0.000000000000000E+000
  0.487500000000000E+000  0.606548740474898E+001 -0.226824127472245E-001 -0.378608605033130E+001  0.293208884858682E+001  0.105338041804664E+001 -0.702147320875175E-001  0.100000000000000E+001  0.000000000000000E+000  0.000000000000000E+000  0.000000000000000E+000  0.999976560427477E+000  0.684679455164499E-002  0.000000000000000E+000 -0.684679455164499E-002  0.999976560427477E+000 -0.240600000000000E+000  0.000000000000000E+000  0.000000000000000E+000
  0.493750000000000E+000  0.606537220385029E+001 -0.221496201952108E-001 -0.378606961076654E+001  0.294670752679463E+001  0.105338424114960E+001 -0.698823204137259E-001  0.100000000000000E+001  0.000000000000000E+000  0.000000000000000E+000  0.000000000000000E+000  0.999994131043155E+000  0.342605885025622E-002  0.000000000000000E+000 -0.342605885025622E-002  0.999994131043155E+000 -0.240600000000000E+000  0.000000000000000E+000  0.000000000000000E+000
  0.500000000000000E+000  0.606533011336553E+001 -0.215826794029289E-001 -0.378605050956185E+001  0.295678247474759E+001  0.105338664706206E+001 -0.694421619615882E-001  0.100000000000000E+001  0.000000000000000E+000  0.000000000000000E+000  0.000000000000000E+000  0.100000000000000E+001  0.313268539180414E-009  0.000000000000000E+000 -0.313268539180414E-009  0.100000000000000E+001 -0.240600000000000E+000  0.000000000000000E+000  0.000000000000000E+000
  0.506250000000000E+000  0.606536141484334E+001 -0.209824588507962E-001 -0.378602993974973E+001  0.296229817208500E+001  0.105338785630000E+001 -0.688949333036080E-001  0.100000000000000E+001  0.000000000000000E+000  0.000000000000000E+000  0.000000000000000E+000  0.999994131045300E+000 -0.342605822420585E-002  0.000000000000000E+000  0.342605822420585E-002  0.999994131045300E+000 -0.240600000000000E+000  0.000000000000000E+000  0.000000000000000E+000
  0.512500000000000E+000  0.606546588501749E+001 -0.203498952215879E-001 -0.378600650374376E+001  0.296324610771602E+001  0.105338754855706E+001 -0.682414812758063E-001  0.100000000000000E+001  0.000000000000000E+000  0.000000000000000E+000  0.000000000000000E+000  0.999976560431754E+000 -0.684679392705404E-002  0.000000000000000E+000  0.684679392705404E-002  0.999976560431754E+000 -0.240600000000000E+000  0.000000000000000E+000  0.000000000000000E+000
  0.518750000000000E+000  0.606564290033107E+001 -0.196859599930206E-001 -0.378598162715772E+001  0.295962480893456E+001  0.105338589227052E+001 -0.674828142875433E-001  0.100000000000000E+001  0.000000000000000E+000  0.000000000000000E+000  0.000000000000000E+000  0.999947396692270E+000 -0.102568927239801E-001  0.000000000000000E+000  0.102568927239801E-001  0.999947396692270E+000 -0.240600000000000E+000  0.000000000000000E+000  0.000000000000000E+000
  0.525000000000000E+000  0.606589136661614E+001 -0.189916780479539E-001 -0.378595531032222E+001  0.295143986445286E+001  0.105338290706959E+001 -0.666201023377333E-001  0.100000000000000E+001  0.000000000000000E+000  0.000000000000000E+000  0.000000000000000E+000  0.999906819965797E+000 -0.136510580500794E-001  0.000000000000000E+000  0.136510580500794E-001  0.999906819965797E+000 -0.240600000000000E+000  0.000000000000000E+000  0.000000000000000E+000
  0.531250000000000E+000  0.606620975184846E+001 -0.182681204970532E-001 -0.378592766077938E+001  0.293870389879401E+001  0.105337860887445E+001 -0.656546760122603E-001  0.100000000000000E+001  0.000000000000000E+000  0.000000000000000E+000  0.000000000000000E+000  0.999855080878455E+000 -0.170240195470638E-001  0.000000000000000E+000  0.170240195470638E-001  0.999855080878455E+000 -0.240600000000000E+000  0.000000000000000E+000  0.000000000000000E+000
  0.537500000000000E+000  0.606659609270367E+001 -0.175164035721058E-001 -0.378589881898809E+001  0.292143655503924E+001  0.105337302069535E+001 -0.645880242309291E-001  0.100000000000000E+001  0.000000000000000E+000  0.000000000000000E+000  0.000000000000000E+000  0.999792498987083E+000 -0.203705417003150E-001  0.000000000000000E+000  0.203705417003150E-001  0.999792498987083E+000 -0.240600000000000E+000  0.000000000000000E+000  0.000000000000000E+000
