 # Integral loads: N.components: 1
 #                 Ref.sys     : MomentRef
 #                 Components  : wing
 #  t , Fx , Fy , Fz , Mx , My , Mz , ref_mat(9) , ref_off(3) 
  0.000000000000000E+000  0.278274583511330E+002 -0.440216439689944E-013  0.277267198840183E+003  0.214914374752783E-012  0.301350132357987E+001 -0.546310219171827E-013  0.996194698100000E+000  0.000000000000000E+000 -0.871557427500000E-001  0.000000000000000E+000  0.100000000000000E+001  0.000000000000000E+000  0.871557427500000E-001  0.000000000000000E+000  0.996194698100000E+000 -0.239684444362860E+000  0.000000000000000E+000  0.209696717056500E-001
  0.625000000000000E-002 -0.463450756612501E+001 -0.712878107239634E-013  0.179675187559038E+003 -0.110353728550280E-012  0.434241120617800E+001 -0.425854701981185E-013  0.995890250800513E+000  0.000000000000000E+000 -0.905682525907696E-001  0.000000000000000E+000  0.100000000000000E+001  0.000000000000000E+000  0.905682525907696E-001  0.000000000000000E+000  0.995890250800513E+000 -0.239611194342603E+000  0.000000000000000E+000  0.217907215733392E-001
  0.125000000000000E-001 -0.594450254298177E+001 -0.440641446941559E-014  0.187266267324733E+003 -0.149303529254634E-012  0.602277372195310E+001 -0.404864995205457E-013  0.995574610286155E+000  0.000000000000000E+000 -0.939744399846336E-001  0.000000000000000E+000  0.100000000000000E+001  0.000000000000000E+000  0.939744399846336E-001  0.000000000000000E+000  0.995574610286155E+000 -0.239535251234849E+000  0.000000000000000E+000  0.226102502603028E-001
  0.187500000000000E-001 -0.739828790307815E+001 -0.533052334911188E-013  0.199215797876351E+003  0.398140395058544E-014  0.650191351450778E+001 -0.476073858171771E-014  0.995248347828673E+000  0.000000000000000E+000 -0.973690205411923E-001  0.000000000000000E+000  0.100000000000000E+001  0.000000000000000E+000  0.973690205411923E-001  0.000000000000000E+000  0.995248347828673E+000 -0.239456752487579E+000  0.000000000000000E+000  0.234269863422109E-001
  0.250000000000000E-001 -0.880555085374789E+001  0.225947732745979E-015  0.209540557344291E+003  0.369571506081959E-012  0.675649449342859E+001 -0.114680651554410E-013  0.994912104507589E+000  0.000000000000000E+000 -0.100746733550698E+000  0.000000000000000E+000  0.100000000000000E+001  0.000000000000000E+000  0.100746733550698E+000  0.000000000000000E+000  0.994912104507589E+000 -0.239375852344526E+000  0.000000000000000E+000  0.242396640922980E-001
  0.312500000000000E-001 -0.101495962198577E+002 -0.124177577942586E-012  0.218819081567577E+003  0.317463205319430E-012  0.701476719520018E+001 -0.375387753874823E-013  0.994566589337314E+000  0.000000000000000E+000 -0.104102350553660E+000  0.000000000000000E+000  0.100000000000000E+001  0.000000000000000E+000  0.104102350553660E+000  0.000000000000000E+000  0.994566589337314E+000 -0.239292721394558E+000  0.000000000000000E+000  0.250470255432105E-001
  0.375000000000000E-001 -0.114632433563728E+002 -0.817106798889355E-013  0.227573451991344E+003  0.412042164046931E-012  0.726155390046060E+001 -0.685451463711509E-013  0.994212576963853E+000  0.000000000000000E+000 -0.107430683809372E+000  0.000000000000000E+000  0.100000000000000E+001  0.000000000000000E+000  0.107430683809372E+000  0.000000000000000E+000  0.994212576963853E+000 -0.239207546017503E+000  0.000000000000000E+000  0.258478225245349E-001
  0.437500000000000E-001 -0.127669815275390E+002 -0.898751559286204E-013  0.235970898575400E+003  0.152418008564403E-012  0.749707632604477E+001  0.878633686758704E-013  0.993850904942697E+000  0.000000000000000E+000 -0.110726594643911E+000  0.000000000000000E+000  0.100000000000000E+001  0.000000000000000E+000  0.110726594643911E+000  0.000000000000000E+000  0.993850904942697E+000 -0.239120527729213E+000  0.000000000000000E+000  0.266408186713250E-001
  0.500000000000000E-001 -0.140742866142026E+002 -0.245923073571852E-013  0.244108599520587E+003  0.362291472933217E-012  0.772287282152978E+001  0.713007602969163E-015  0.993482470612178E+000  0.000000000000000E+000 -0.113985001658888E+000  0.000000000000000E+000  0.100000000000000E+001  0.000000000000000E+000  0.113985001658888E+000  0.000000000000000E+000  0.993482470612178E+000 -0.239031882429290E+000  0.000000000000000E+000  0.274247913991285E-001
  0.562500000000000E-001 -0.153867048386697E+002 -0.377592922207182E-013  0.251957420997459E+003 -0.216836595404573E-012  0.794742839679810E+001 -0.515775763956061E-013  0.993108227579093E+000  0.000000000000000E+000 -0.117200888783176E+000  0.000000000000000E+000  0.100000000000000E+001  0.000000000000000E+000  0.117200888783176E+000  0.000000000000000E+000  0.993108227579093E+000 -0.238941839555530E+000  0.000000000000000E+000  0.281985338412322E-001
  0.625000000000000E-001 -0.167020983915362E+002 -0.243199557714568E-012  0.259531119012115E+003  0.100794809787719E-013  0.817303205825305E+001 -0.945215480204189E-013  0.992729181835840E+000  0.000000000000000E+000 -0.120369313150808E+000  0.000000000000000E+000  0.100000000000000E+001  0.000000000000000E+000  0.120369313150808E+000  0.000000000000000E+000  0.992729181835840E+000 -0.238850641149703E+000  0.000000000000000E+000  0.289608567440844E-001
  0.687500000000000E-001 -0.180197173321933E+002 -0.109369544670779E-012  0.266856583548236E+003  0.967249487546874E-012  0.839883880083821E+001 -0.153735101725478E-013  0.992346387530635E+000  0.000000000000000E+000 -0.123485412789340E+000  0.000000000000000E+000  0.100000000000000E+001  0.000000000000000E+000  0.123485412789340E+000  0.000000000000000E+000  0.992346387530635E+000 -0.238758540839871E+000  0.000000000000000E+000  0.297105903171152E-001
  0.750000000000000E-001 -0.193382067320803E+002  0.205159673971611E-012  0.273949845458459E+003  0.202039264345148E-012  0.862365282394789E+001  0.182950365590112E-013  0.991960942414512E+000  0.000000000000000E+000 -0.126544414104166E+000  0.000000000000000E+000  0.100000000000000E+001  0.000000000000000E+000  0.126544414104166E+000  0.000000000000000E+000  0.991960942414512E+000 -0.238665802744932E+000  0.000000000000000E+000  0.304465860334624E-001
  0.812500000000000E-001 -0.206548496754926E+002  0.271917037497627E-012  0.280812325291590E+003  0.141279345995326E-011  0.884826266784501E+001  0.174251342085004E-012  0.991573982990857E+000  0.000000000000000E+000 -0.129541639145499E+000  0.000000000000000E+000  0.100000000000000E+001  0.000000000000000E+000  0.129541639145499E+000  0.000000000000000E+000  0.991573982990857E+000 -0.238572700307600E+000  0.000000000000000E+000  0.311677183784071E-001
  0.875000000000000E-001 -0.219700677720195E+002 -0.230761590391815E-013  0.287480713678857E+003  0.787666498251566E-012  0.906863553155801E+001  0.944073732286812E-014  0.991186679395005E+000  0.000000000000000E+000 -0.132472512646047E+000  0.000000000000000E+000  0.100000000000000E+001  0.000000000000000E+000  0.132472512646047E+000  0.000000000000000E+000  0.991186679395005E+000 -0.238479515062438E+000  0.000000000000000E+000  0.318728865426390E-001
  0.937500000000000E-001 -0.232819029746023E+002  0.231923855120719E-013  0.293953803359945E+003  0.839092294373044E-012  0.928588893754490E+001  0.959468353935434E-013  0.990800230033163E+000  0.000000000000000E+000 -0.135332568818765E+000  0.000000000000000E+000  0.100000000000000E+001  0.000000000000000E+000  0.135332568818765E+000  0.000000000000000E+000  0.990800230033163E+000 -0.238386535345979E+000  0.000000000000000E+000  0.325610160577950E-001
  0.100000000000000E+000 -0.245862638709150E+002 -0.983328002357453E-014  0.300214641450390E+003  0.309923898767946E-012  0.950046645125333E+001  0.287660099782695E-013  0.990415856011303E+000  0.000000000000000E+000 -0.138117457905412E+000  0.000000000000000E+000  0.100000000000000E+001  0.000000000000000E+000  0.138117457905412E+000  0.000000000000000E+000  0.990415856011303E+000 -0.238294054956319E+000  0.000000000000000E+000  0.332310603720421E-001
  0.106250000000000E+000 -0.258808022708547E+002 -0.288402114689834E-013  0.306274106743780E+003  0.335031292566795E-013  0.971153255733554E+001 -0.664307889861905E-013  0.990034795386019E+000  0.000000000000000E+000 -0.140822952468045E+000  0.000000000000000E+000  0.100000000000000E+001  0.000000000000000E+000  0.140822952468045E+000  0.000000000000000E+000  0.990034795386019E+000 -0.238202371769876E+000  0.000000000000000E+000  0.338820023638117E-001
  0.112500000000000E+000 -0.271615796777650E+002  0.338963666163261E-012  0.312120127013992E+003  0.121039842311541E-011  0.991934337840032E+001  0.300805325563209E-012  0.989658297270357E+000  0.000000000000000E+000 -0.143444953416956E+000  0.000000000000000E+000  0.100000000000000E+001  0.000000000000000E+000  0.143444953416956E+000  0.000000000000000E+000  0.989658297270357E+000 -0.238111786323248E+000  0.000000000000000E+000  0.345128557921197E-001
  0.118750000000000E+000 -0.284252255196094E+002  0.329368476936764E-012  0.317752071216213E+003  0.193865203738778E-011  0.101232319617677E+002  0.266779550529897E-012  0.989287615828492E+000  0.000000000000000E+000 -0.145979495769896E+000  0.000000000000000E+000  0.100000000000000E+001  0.000000000000000E+000  0.145979495769896E+000  0.000000000000000E+000  0.989287615828492E+000 -0.238022600368335E+000  0.000000000000000E+000  0.351226666822371E-001
  0.125000000000000E+000 -0.296685579737351E+002  0.748663284144691E-014  0.323168878478772E+003  0.270517522216797E-012  0.103229567523100E+002  0.927711159214279E-013  0.988924004193807E+000  0.000000000000000E+000 -0.148422754138782E+000  0.000000000000000E+000  0.100000000000000E+001  0.000000000000000E+000  0.148422754138782E+000  0.000000000000000E+000  0.988924004193807E+000 -0.237935115409030E+000  0.000000000000000E+000  0.357105146457909E-001
  0.131250000000000E+000 -0.308870194198720E+002 -0.185770235999749E-012  0.328356411058459E+003  0.250940896992901E-012  0.105186762406981E+002 -0.114016148107538E-013  0.988568708345316E+000  0.000000000000000E+000 -0.150771047941334E+000  0.000000000000000E+000  0.100000000000000E+001  0.000000000000000E+000  0.150771047941334E+000  0.000000000000000E+000  0.988568708345316E+000 -0.237849631227883E+000  0.000000000000000E+000  0.362755141346848E-001
  0.137500000000000E+000 -0.320777967943475E+002  0.106950906464398E-012  0.333320666877424E+003  0.268287224518843E-012  0.107097516204155E+002 -0.735473918057519E-013  0.988222960977618E+000  0.000000000000000E+000 -0.153020846336320E+000  0.000000000000000E+000  0.100000000000000E+001  0.000000000000000E+000  0.153020846336320E+000  0.000000000000000E+000  0.988222960977618E+000 -0.237766444411215E+000  0.000000000000000E+000  0.368168156285187E-001
  0.143750000000000E+000 -0.332359830979752E+002  0.242202091715882E-012  0.338043271994683E+003  0.466946750695245E-012  0.108964681843333E+002  0.205679851690714E-012  0.987887975399580E+000  0.000000000000000E+000 -0.155168772882216E+000  0.000000000000000E+000  0.100000000000000E+001  0.000000000000000E+000  0.155168772882216E+000  0.000000000000000E+000  0.987887975399580E+000 -0.237685846881139E+000  0.000000000000000E+000  0.373336067554612E-001
  0.150000000000000E+000 -0.343590531963300E+002  0.242879067552382E-012  0.342533295415797E+003  0.494532956506928E-012  0.110779129003428E+002  0.173085831768011E-012  0.987564939496727E+000  0.000000000000000E+000 -0.157211609920132E+000  0.000000000000000E+000  0.100000000000000E+001  0.000000000000000E+000  0.157211609920132E+000  0.000000000000000E+000  0.987564939496727E+000 -0.237608124442913E+000  0.000000000000000E+000  0.378251133467839E-001
  0.156250000000000E+000 -0.354422978526104E+002 -0.416459401686442E-013  0.346773583774106E+003  0.144390455780427E-011  0.112547170028420E+002  0.145833953756070E-012  0.987255009791915E+000  0.000000000000000E+000 -0.159146302682847E+000  0.000000000000000E+000  0.100000000000000E+001  0.000000000000000E+000  0.159146302682847E+000  0.000000000000000E+000  0.987255009791915E+000 -0.237533555355935E+000  0.000000000000000E+000  0.382906004254930E-001
  0.162500000000000E+000 -0.364842093025075E+002  0.282892199249263E-012  0.350780088611030E+003  0.144818798043738E-011  0.114253748549705E+002  0.238705267054894E-012  0.986959305638253E+000  0.000000000000000E+000 -0.160969963132605E+000  0.000000000000000E+000  0.100000000000000E+001  0.000000000000000E+000  0.160969963132605E+000  0.000000000000000E+000  0.986959305638253E+000 -0.237462408936564E+000  0.000000000000000E+000  0.387293731297047E-001
  0.168750000000000E+000 -0.374789327725187E+002  0.390084232276822E-012  0.354521557403581E+003  0.155128752041468E-011  0.115914094366868E+002  0.243873479688004E-012  0.986678903577430E+000  0.000000000000000E+000 -0.162679873531102E+000  0.000000000000000E+000  0.100000000000000E+001  0.000000000000000E+000  0.162679873531102E+000  0.000000000000000E+000  0.986678903577430E+000 -0.237394944200730E+000  0.000000000000000E+000  0.391407775715832E-001
  0.175000000000000E+000 -0.384234072238019E+002  0.216519510654045E-012  0.358003771802670E+003  0.711390181340039E-012  0.117519261569137E+002  0.231850549367220E-012  0.986414831895599E+000  0.000000000000000E+000 -0.164273489745701E+000  0.000000000000000E+000  0.100000000000000E+001  0.000000000000000E+000  0.164273489745701E+000  0.000000000000000E+000  0.986414831895599E+000 -0.237331408554081E+000  0.000000000000000E+000  0.395242016328156E-001
  0.181250000000000E+000 -0.393148185225226E+002  0.894857105082636E-013  0.361226344030676E+003  0.102229400055018E-011  0.119060515806044E+002  0.207739262108768E-012  0.986168065407806E+000  0.000000000000000E+000 -0.165748444296407E+000  0.000000000000000E+000  0.100000000000000E+001  0.000000000000000E+000  0.165748444296407E+000  0.000000000000000E+000  0.986168065407806E+000 -0.237272036537118E+000  0.000000000000000E+000  0.398790756977155E-001
  0.187500000000000E+000 -0.401490237648293E+002  0.230629751407641E-012  0.364175764890700E+003  0.100467017108131E-011  0.120549490010460E+002  0.131220799117128E-012  0.985939520500580E+000  0.000000000000000E+000 -0.167102549148544E+000  0.000000000000000E+000  0.100000000000000E+001  0.000000000000000E+000  0.167102549148544E+000  0.000000000000000E+000  0.985939520500580E+000 -0.237217048632439E+000  0.000000000000000E+000  0.402048733251396E-001
  0.193750000000000E+000 -0.409227097464701E+002  0.620371809478826E-013  0.366848295235870E+003  0.407000731596834E-012  0.121979783874009E+002  0.994876647421828E-013  0.985730050460807E+000  0.000000000000000E+000 -0.168333798256288E+000  0.000000000000000E+000  0.100000000000000E+001  0.000000000000000E+000  0.168333798256288E+000  0.000000000000000E+000  0.985730050460807E+000 -0.237166650140870E+000  0.000000000000000E+000  0.405011118604630E-001
  0.200000000000000E+000 -0.416345857280613E+002 -0.586071989550074E-013  0.369253912088982E+003  0.164613370927544E-011  0.123344149642027E+002  0.164663783659844E-012  0.985540441117336E+000  0.000000000000000E+000 -0.169440369862381E+000  0.000000000000000E+000  0.100000000000000E+001  0.000000000000000E+000  0.169440369862381E+000  0.000000000000000E+000  0.985540441117336E+000 -0.237121030132831E+000  0.000000000000000E+000  0.407673529888889E-001
  0.206250000000000E+000 -0.422806015535046E+002  0.286449249736753E-012  0.371373225826795E+003  0.835874715676976E-012  0.124648224235319E+002  0.304494710503991E-012  0.985371406819936E+000  0.000000000000000E+000 -0.170420628559322E+000  0.000000000000000E+000  0.100000000000000E+001  0.000000000000000E+000  0.170420628559322E+000  0.000000000000000E+000  0.985371406819936E+000 -0.237080360480877E+000  0.000000000000000E+000  0.410032032313730E-001
  0.212500000000000E+000 -0.428591961942991E+002  0.120343405379808E-012  0.373214421727727E+003  0.102486342873959E-011  0.125885779026356E+002  0.230342868566659E-012  0.985223586778315E+000  0.000000000000000E+000 -0.171273127117262E+000  0.000000000000000E+000  0.100000000000000E+001  0.000000000000000E+000  0.171273127117262E+000  0.000000000000000E+000  0.985223586778315E+000 -0.237044794978863E+000  0.000000000000000E+000  0.412083143844133E-001
  0.218750000000000E+000 -0.433702630912738E+002  0.211653611303930E-013  0.374789787170712E+003  0.215331321373654E-012  0.127046376681952E+002  0.109378362742734E-012  0.985097541781828E+000  0.000000000000000E+000 -0.171996608083574E+000  0.000000000000000E+000  0.100000000000000E+001  0.000000000000000E+000  0.171996608083574E+000  0.000000000000000E+000  0.985097541781828E+000 -0.237014468552708E+000  0.000000000000000E+000  0.413823839049079E-001
  0.225000000000000E+000 -0.438069521502946E+002  0.297321195441569E-012  0.376050733148918E+003  0.316490140780387E-012  0.128158842726696E+002  0.239354015756638E-012  0.984993751318326E+000  0.000000000000000E+000 -0.172590005158775E+000  0.000000000000000E+000  0.100000000000000E+001  0.000000000000000E+000  0.172590005158775E+000  0.000000000000000E+000  0.984993751318326E+000 -0.236989496567189E+000  0.000000000000000E+000  0.415251552412013E-001
  0.231250000000000E+000 -0.441714262905941E+002 -0.428043017697277E-015  0.377040830534246E+003 -0.955969167807590E-012  0.129192315532786E+002 -0.103426683274120E-012  0.984912611108361E+000  0.000000000000000E+000 -0.173052444353048E+000  0.000000000000000E+000  0.100000000000000E+001  0.000000000000000E+000  0.173052444353048E+000  0.000000000000000E+000  0.984912611108361E+000 -0.236969974232672E+000  0.000000000000000E+000  0.416364181113433E-001
  0.237500000000000E+000 -0.444607464471228E+002 -0.153922881385160E-012  0.377735623918229E+003 -0.409592881343743E-012  0.130159679654993E+002 -0.108834538873070E-012  0.984854431068574E+000  0.000000000000000E+000 -0.173383244927098E+000  0.000000000000000E+000  0.100000000000000E+001  0.000000000000000E+000  0.173383244927098E+000  0.000000000000000E+000  0.984854431068574E+000 -0.236955976115099E+000  0.000000000000000E+000  0.417160087294597E-001
  0.243750000000000E+000 -0.446755104359683E+002 -0.291693752485500E-012  0.378151685252656E+003  0.970150426768250E-012  0.131050496373571E+002  0.124812584783197E-012  0.984819433715706E+000  0.000000000000000E+000 -0.173581920120529E+000  0.000000000000000E+000  0.100000000000000E+001  0.000000000000000E+000  0.173581920120529E+000  0.000000000000000E+000  0.984819433715706E+000 -0.236947555751999E+000  0.000000000000000E+000  0.417638099809994E-001
  0.250000000000000E+000 -0.448145341554057E+002  0.140797529885051E-012  0.378280281418133E+003  0.914404261368969E-012  0.131868839711416E+002  0.191984815779853E-012  0.984807753020178E+000  0.000000000000000E+000 -0.173648177670262E+000  0.000000000000000E+000  0.100000000000000E+001  0.000000000000000E+000  0.173648177670262E+000  0.000000000000000E+000  0.984807753020178E+000 -0.236944745376655E+000  0.000000000000000E+000  0.417797515474650E-001
  0.256250000000000E+000 -0.448765362141439E+002 -0.120568052069947E-012  0.378116366717036E+003 -0.618327539488698E-012  0.132616223973556E+002 -0.125974690311408E-012  0.984819433715653E+000  0.000000000000000E+000 -0.173581920120832E+000  0.000000000000000E+000  0.100000000000000E+001  0.000000000000000E+000  0.173581920120832E+000  0.000000000000000E+000  0.984819433715653E+000 -0.236947555751986E+000  0.000000000000000E+000  0.417638099810723E-001
  0.262500000000000E+000 -0.448609439768082E+002  0.265876730354275E-013  0.377660658821518E+003  0.517064904974664E-012  0.133289489145445E+002  0.516043025419142E-013  0.984854431068467E+000  0.000000000000000E+000 -0.173383244927703E+000  0.000000000000000E+000  0.100000000000000E+001  0.000000000000000E+000  0.173383244927703E+000  0.000000000000000E+000  0.984854431068467E+000 -0.236955976115073E+000  0.000000000000000E+000  0.417160087296054E-001
  0.268750000000000E+000 -0.447686985024886E+002  0.149906562857405E-012  0.376921445061062E+003  0.767885520981095E-012  0.133884740595297E+002  0.322245628670161E-013  0.984912611108202E+000  0.000000000000000E+000 -0.173052444353955E+000  0.000000000000000E+000  0.100000000000000E+001  0.000000000000000E+000  0.173052444353955E+000  0.000000000000000E+000  0.984912611108202E+000 -0.236969974232633E+000  0.000000000000000E+000  0.416364181115616E-001
  0.275000000000000E+000 -0.446005280134042E+002  0.220426107921945E-012  0.375900152419789E+003 -0.561812218852369E-012  0.134402791914144E+002  0.474285405060227E-013  0.984993751318115E+000  0.000000000000000E+000 -0.172590005159983E+000  0.000000000000000E+000  0.100000000000000E+001  0.000000000000000E+000  0.172590005159983E+000  0.000000000000000E+000  0.984993751318115E+000 -0.236989496567138E+000  0.000000000000000E+000  0.415251552414918E-001
  0.281250000000000E+000 -0.443700952643309E+002  0.215826922306261E-012  0.374689130356719E+003  0.823538825553739E-012  0.134824809307500E+002  0.200666577135601E-012  0.985097541781565E+000  0.000000000000000E+000 -0.171996608085080E+000  0.000000000000000E+000  0.100000000000000E+001  0.000000000000000E+000  0.171996608085080E+000  0.000000000000000E+000  0.985097541781565E+000 -0.237014468552645E+000  0.000000000000000E+000  0.413823839052702E-001
  0.287500000000000E+000 -0.440601483842116E+002  0.295996734067661E-012  0.373121340285020E+003  0.849514776398493E-012  0.135196365468114E+002  0.920090448885252E-013  0.985223586778002E+000  0.000000000000000E+000 -0.171273127119064E+000  0.000000000000000E+000  0.100000000000000E+001  0.000000000000000E+000  0.171273127119064E+000  0.000000000000000E+000  0.985223586778002E+000 -0.237044794978787E+000  0.000000000000000E+000  0.412083143848469E-001
  0.293750000000000E+000 -0.436681338247709E+002  0.221761411317578E-012  0.371226474270269E+003  0.134828376433005E-011  0.135496764291451E+002  0.286124974735691E-012  0.985371406819573E+000  0.000000000000000E+000 -0.170420628561418E+000  0.000000000000000E+000  0.100000000000000E+001  0.000000000000000E+000  0.170420628561418E+000  0.000000000000000E+000  0.985371406819573E+000 -0.237080360480789E+000  0.000000000000000E+000  0.410032032318772E-001
  0.300000000000000E+000 -0.432038945550672E+002  0.429981571181681E-013  0.369081303225806E+003  0.824887822318006E-012  0.135701761060581E+002  0.287716232422783E-013  0.985540441116926E+000  0.000000000000000E+000 -0.169440369864768E+000  0.000000000000000E+000  0.100000000000000E+001  0.000000000000000E+000  0.169440369864768E+000  0.000000000000000E+000  0.985540441116926E+000 -0.237121030132732E+000  0.000000000000000E+000  0.407673529894631E-001
  0.306250000000000E+000 -0.426675940578300E+002  0.409738649259639E-012  0.366651491837946E+003  0.101765639956080E-011  0.135825251360693E+002  0.327937419324677E-012  0.985730050460351E+000  0.000000000000000E+000 -0.168333798258962E+000  0.000000000000000E+000  0.100000000000000E+001  0.000000000000000E+000  0.168333798258962E+000  0.000000000000000E+000  0.985730050460351E+000 -0.237166650140760E+000  0.000000000000000E+000  0.405011118611062E-001
  0.312500000000000E+000 -0.420617059581971E+002  0.304084014912664E-013  0.363948116779809E+003  0.701321854851328E-012  0.135864428796951E+002  0.113413579381423E-012  0.985939520500079E+000  0.000000000000000E+000 -0.167102549151500E+000  0.000000000000000E+000  0.100000000000000E+001  0.000000000000000E+000  0.167102549151500E+000  0.000000000000000E+000  0.985939520500079E+000 -0.237217048632319E+000  0.000000000000000E+000  0.402048733258510E-001
  0.318750000000000E+000 -0.413927921508581E+002  0.194616892046362E-012  0.361008520134750E+003  0.167633600369257E-011  0.135791679352073E+002  0.311609124330881E-012  0.986168065407263E+000  0.000000000000000E+000 -0.165748444299642E+000  0.000000000000000E+000  0.100000000000000E+001  0.000000000000000E+000  0.165748444299642E+000  0.000000000000000E+000  0.986168065407263E+000 -0.237272036536987E+000  0.000000000000000E+000  0.398790756984939E-001
  0.325000000000000E+000 -0.406587018664699E+002 -0.454376120062605E-013  0.357784103565158E+003  0.126899669984707E-011  0.135662611479620E+002  0.252120625340229E-012  0.986414831895015E+000  0.000000000000000E+000 -0.164273489749210E+000  0.000000000000000E+000  0.100000000000000E+001  0.000000000000000E+000  0.164273489749210E+000  0.000000000000000E+000  0.986414831895015E+000 -0.237331408553941E+000  0.000000000000000E+000  0.395242016336599E-001
  0.331250000000000E+000 -0.398622633721588E+002  0.373746172899203E-013  0.354293884223531E+003 -0.262965266424545E-012  0.135452508782796E+002  0.216341720992956E-013  0.986678903576807E+000  0.000000000000000E+000 -0.162679873534880E+000  0.000000000000000E+000  0.100000000000000E+001  0.000000000000000E+000  0.162679873534880E+000  0.000000000000000E+000  0.986678903576807E+000 -0.237394944200580E+000  0.000000000000000E+000  0.391407775724921E-001
  0.337500000000000E+000 -0.390071334878854E+002 -0.115425898006283E-012  0.350548873325984E+003  0.115183879716303E-011  0.135158309268968E+002  0.101139556132900E-012  0.986959305637594E+000  0.000000000000000E+000 -0.160969963136645E+000  0.000000000000000E+000  0.100000000000000E+001  0.000000000000000E+000  0.160969963136645E+000  0.000000000000000E+000  0.986959305637594E+000 -0.237462408936405E+000  0.000000000000000E+000  0.387293731306769E-001
  0.343750000000000E+000 -0.380936280248801E+002  0.130971622436249E-014  0.346529288557470E+003 -0.131970460721855E-012  0.134796316637451E+002  0.373353631733336E-013  0.987255009791222E+000  0.000000000000000E+000 -0.159146302687145E+000  0.000000000000000E+000  0.100000000000000E+001  0.000000000000000E+000  0.159146302687145E+000  0.000000000000000E+000  0.987255009791222E+000 -0.237533555355768E+000  0.000000000000000E+000  0.382906004265271E-001
  0.350000000000000E+000 -0.371286457638206E+002 -0.130104260698261E-016  0.342279398652932E+003  0.699316550450402E-012  0.134334509562650E+002  0.379071220150541E-013  0.987564939496003E+000  0.000000000000000E+000 -0.157211609924681E+000  0.000000000000000E+000  0.100000000000000E+001  0.000000000000000E+000  0.157211609924681E+000  0.000000000000000E+000  0.987564939496003E+000 -0.237608124442738E+000  0.000000000000000E+000  0.378251133478782E-001
  0.356250000000000E+000 -0.361149324483982E+002  0.223636647395109E-012  0.337788565877560E+003  0.102307305187245E-011  0.133788549503583E+002  0.232778591914322E-012  0.987887975398828E+000  0.000000000000000E+000 -0.155168772887009E+000  0.000000000000000E+000  0.100000000000000E+001  0.000000000000000E+000  0.155168772887009E+000  0.000000000000000E+000  0.987887975398828E+000 -0.237685846880958E+000  0.000000000000000E+000  0.373336067566143E-001
  0.362500000000000E+000 -0.350561886025207E+002 -0.812258246774000E-013  0.333065236141131E+003  0.185199932255301E-012  0.133158002425585E+002  0.172295815216611E-013  0.988222960976839E+000  0.000000000000000E+000 -0.153020846341349E+000  0.000000000000000E+000  0.100000000000000E+001  0.000000000000000E+000  0.153020846341349E+000  0.000000000000000E+000  0.988222960976839E+000 -0.237766444411028E+000  0.000000000000000E+000  0.368168156297287E-001
  0.368750000000000E+000 -0.339563726492778E+002  0.717919647341692E-013  0.328117752950475E+003  0.125884258734464E-011  0.132442805746737E+002  0.242620726105251E-012  0.988568708344514E+000  0.000000000000000E+000 -0.150771047946592E+000  0.000000000000000E+000  0.100000000000000E+001  0.000000000000000E+000  0.150771047946592E+000  0.000000000000000E+000  0.988568708344514E+000 -0.237849631227690E+000  0.000000000000000E+000  0.362755141359500E-001
  0.375000000000000E+000 -0.328208933319455E+002 -0.188752225654953E-012  0.322966566241100E+003  0.112257248258132E-011  0.131634471430049E+002 -0.834677384287610E-013  0.988924004192985E+000  0.000000000000000E+000 -0.148422754144261E+000  0.000000000000000E+000  0.100000000000000E+001  0.000000000000000E+000  0.148422754144261E+000  0.000000000000000E+000  0.988924004192985E+000 -0.237935115408832E+000  0.000000000000000E+000  0.357105146471093E-001
  0.381250000000000E+000 -0.316448964010249E+002  0.154136252372705E-012  0.317530263059732E+003  0.100858066843190E-011  0.130795144389832E+002  0.620558065802245E-013  0.989287615827652E+000  0.000000000000000E+000 -0.145979495775589E+000  0.000000000000000E+000  0.100000000000000E+001  0.000000000000000E+000  0.145979495775589E+000  0.000000000000000E+000  0.989287615827652E+000 -0.238022600368133E+000  0.000000000000000E+000  0.351226666836067E-001
  0.387500000000000E+000 -0.304424600115162E+002  0.754843236527858E-013  0.311942885149686E+003  0.155238289281923E-011  0.129828863327410E+002  0.253098994219665E-012  0.989658297269502E+000  0.000000000000000E+000 -0.143444953422853E+000  0.000000000000000E+000  0.100000000000000E+001  0.000000000000000E+000  0.143444953422853E+000  0.000000000000000E+000  0.989658297269502E+000 -0.238111786323042E+000  0.000000000000000E+000  0.345128557935385E-001
  0.393750000000000E+000 -0.292149634831103E+002 -0.364075089520632E-014  0.306154342319078E+003  0.137144980231297E-011  0.128782915514481E+002  0.185545447697446E-012  0.990034795385153E+000  0.000000000000000E+000 -0.140822952474137E+000  0.000000000000000E+000  0.100000000000000E+001  0.000000000000000E+000  0.140822952474137E+000  0.000000000000000E+000  0.990034795385153E+000 -0.238202371769668E+000  0.000000000000000E+000  0.338820023652775E-001
  0.400000000000000E+000 -0.279670994573477E+002  0.162974668482807E-012  0.300184269863348E+003  0.133612908824482E-011  0.127654188034780E+002  0.234641334445887E-012  0.990415856010427E+000  0.000000000000000E+000 -0.138117457911690E+000  0.000000000000000E+000  0.100000000000000E+001  0.000000000000000E+000  0.138117457911690E+000  0.000000000000000E+000  0.990415856010427E+000 -0.238294054956109E+000  0.000000000000000E+000  0.332310603735527E-001
  0.406250000000000E+000 -0.267036072660216E+002 -0.131960414817556E-013  0.294045963146253E+003  0.471987220992788E-012  0.126442773737151E+002  0.491192417615502E-013  0.990800230032281E+000  0.000000000000000E+000 -0.135332568825221E+000  0.000000000000000E+000  0.100000000000000E+001  0.000000000000000E+000  0.135332568825221E+000  0.000000000000000E+000  0.990800230032281E+000 -0.238386535345767E+000  0.000000000000000E+000  0.325610160593481E-001
  0.412500000000000E+000 -0.254268884640050E+002  0.296740930438855E-012  0.287729553628525E+003  0.110476471732315E-011  0.125158504189644E+002  0.241016758712932E-012  0.991186679394120E+000  0.000000000000000E+000 -0.132472512652670E+000  0.000000000000000E+000  0.100000000000000E+001  0.000000000000000E+000  0.132472512652670E+000  0.000000000000000E+000  0.991186679394120E+000 -0.238479515062225E+000  0.000000000000000E+000  0.318728865442323E-001
  0.418750000000000E+000 -0.241424481412436E+002  0.205897365129770E-012  0.281263998732176E+003  0.851988063013314E-012  0.123793023449327E+002  0.127828174784283E-012  0.991573982989971E+000  0.000000000000000E+000 -0.129541639152278E+000  0.000000000000000E+000  0.100000000000000E+001  0.000000000000000E+000  0.129541639152278E+000  0.000000000000000E+000  0.991573982989971E+000 -0.238572700307387E+000  0.000000000000000E+000  0.311677183800381E-001
  0.425000000000000E+000 -0.228537370861811E+002 -0.126197663430361E-012  0.274649192240003E+003  0.319465398806092E-012  0.122352760901462E+002 -0.134725928743531E-013  0.991960942413629E+000  0.000000000000000E+000 -0.126544414111092E+000  0.000000000000000E+000  0.100000000000000E+001  0.000000000000000E+000  0.126544414111092E+000  0.000000000000000E+000  0.991960942413629E+000 -0.238665802744719E+000  0.000000000000000E+000  0.304465860351287E-001
  0.431250000000000E+000 -0.215650102532918E+002  0.103493602576776E-012  0.267899301994149E+003  0.115955837656026E-011  0.120838288181501E+002  0.100528716728358E-012  0.992346387529756E+000  0.000000000000000E+000 -0.123485412796402E+000  0.000000000000000E+000  0.100000000000000E+001  0.000000000000000E+000  0.123485412796402E+000  0.000000000000000E+000  0.992346387529756E+000 -0.238758540839659E+000  0.000000000000000E+000  0.297105903188142E-001
  0.437500000000000E+000 -0.202796427029505E+002 -0.489686416416113E-013  0.261018593657382E+003  0.661430475009034E-013  0.119253164997965E+002  0.321174514837876E-014  0.992729181834969E+000  0.000000000000000E+000 -0.120369313157995E+000  0.000000000000000E+000  0.100000000000000E+001  0.000000000000000E+000  0.120369313157995E+000  0.000000000000000E+000  0.992729181834969E+000 -0.238850641149494E+000  0.000000000000000E+000  0.289608567458135E-001
  0.443750000000000E+000 -0.189978067200797E+002 -0.104140654433316E-012  0.253977436847822E+003  0.714999547891651E-012  0.117622149854607E+002 -0.147361732130375E-013  0.993108227578232E+000  0.000000000000000E+000 -0.117200888790477E+000  0.000000000000000E+000  0.100000000000000E+001  0.000000000000000E+000  0.117200888790477E+000  0.000000000000000E+000  0.993108227578232E+000 -0.238941839555323E+000  0.000000000000000E+000  0.281985338429889E-001
  0.450000000000000E+000 -0.177283177922865E+002 -0.153712112482829E-012  0.246859524912018E+003  0.421283002350924E-012  0.115899434907213E+002 -0.838836096364297E-013  0.993482470611329E+000  0.000000000000000E+000 -0.113985001666292E+000  0.000000000000000E+000  0.100000000000000E+001  0.000000000000000E+000  0.113985001666292E+000  0.000000000000000E+000  0.993482470611329E+000 -0.239031882429086E+000  0.000000000000000E+000  0.274247914009099E-001
  0.456250000000000E+000 -0.164733277460943E+002  0.183270933151736E-012  0.239642596614551E+003  0.850138532109121E-012  0.114111174493944E+002  0.459583232631797E-013  0.993850904941862E+000  0.000000000000000E+000 -0.110726594651407E+000  0.000000000000000E+000  0.100000000000000E+001  0.000000000000000E+000  0.110726594651407E+000  0.000000000000000E+000  0.993850904941862E+000 -0.239120527729012E+000  0.000000000000000E+000  0.266408186731284E-001
  0.462500000000000E+000 -0.152366868230496E+002  0.906930780475435E-013  0.232343907875989E+003  0.352426289767006E-012  0.112258534774405E+002  0.408100392612692E-013  0.994212576963034E+000  0.000000000000000E+000 -0.107430683816947E+000  0.000000000000000E+000  0.100000000000000E+001  0.000000000000000E+000  0.107430683816947E+000  0.000000000000000E+000  0.994212576963034E+000 -0.239207546017306E+000  0.000000000000000E+000  0.258478225263576E-001
  0.468750000000000E+000 -0.140212312545611E+002  0.301017891168875E-013  0.224970268275431E+003  0.775819510091710E-012  0.110346473218439E+002  0.517819611731790E-013  0.994566589336514E+000  0.000000000000000E+000 -0.104102350561303E+000  0.000000000000000E+000  0.100000000000000E+001  0.000000000000000E+000  0.104102350561303E+000  0.000000000000000E+000  0.994566589336514E+000 -0.239292721394365E+000  0.000000000000000E+000  0.250470255450495E-001
  0.475000000000000E+000 -0.128308810079382E+002 -0.561070287452559E-013  0.217544341509457E+003  0.435158445144324E-012  0.108373594927105E+002 -0.194735625520737E-013  0.994912104506809E+000  0.000000000000000E+000 -0.100746733558398E+000  0.000000000000000E+000  0.100000000000000E+001  0.000000000000000E+000  0.100746733558398E+000  0.000000000000000E+000  0.994912104506809E+000 -0.239375852344338E+000  0.000000000000000E+000  0.242396640941506E-001
  0.481250000000000E+000 -0.116674198712481E+002 -0.880450226614649E-013  0.210059817749094E+003  0.669468860962049E-012  0.106352720896807E+002 -0.487935504847984E-013  0.995248347827915E+000  0.000000000000000E+000 -0.973690205489369E-001  0.000000000000000E+000  0.100000000000000E+001  0.000000000000000E+000  0.973690205489369E-001  0.000000000000000E+000  0.995248347827915E+000 -0.239456752487396E+000  0.000000000000000E+000  0.234269863440742E-001
  0.487500000000000E+000 -0.105333397684020E+002 -0.784346546045533E-013  0.202533869460095E+003  0.168075036913129E-012  0.104280075239065E+002 -0.992641017166861E-013  0.995574610285421E+000  0.000000000000000E+000 -0.939744399924107E-001  0.000000000000000E+000  0.100000000000000E+001  0.000000000000000E+000  0.939744399924107E-001  0.000000000000000E+000  0.995574610285421E+000 -0.239535251234672E+000  0.000000000000000E+000  0.226102502621740E-001
  0.493750000000000E+000 -0.943159643381077E+001 -0.115211659657000E-013  0.194984200116543E+003  0.266648548197337E-012  0.102157973011251E+002 -0.968612248616433E-014  0.995890250799804E+000  0.000000000000000E+000 -0.905682525985673E-001  0.000000000000000E+000  0.100000000000000E+001  0.000000000000000E+000  0.905682525985673E-001  0.000000000000000E+000  0.995890250799804E+000 -0.239611194342433E+000  0.000000000000000E+000  0.217907215752153E-001
  0.500000000000000E+000 -0.836420409742332E+001 -0.114999589712061E-012  0.187418442096486E+003  0.522749565153285E-012  0.999914576013324E+001 -0.591916796732618E-013  0.996194698099317E+000  0.000000000000000E+000 -0.871557427578061E-001  0.000000000000000E+000  0.100000000000000E+001  0.000000000000000E+000  0.871557427578061E-001  0.000000000000000E+000  0.996194698099317E+000 -0.239684444362696E+000  0.000000000000000E+000  0.209696717075282E-001
  0.506250000000000E+000 -0.733539470285464E+001 -0.146090171210256E-012  0.179881438340788E+003  0.483513682655118E-012  0.977672292994639E+001 -0.573728079479449E-013  0.996487452153557E+000  0.000000000000000E+000 -0.837422098906315E-001  0.000000000000000E+000  0.100000000000000E+001  0.000000000000000E+000  0.837422098906315E-001  0.000000000000000E+000  0.996487452153557E+000 -0.239754880988146E+000  0.000000000000000E+000  0.201483756996859E-001
  0.512500000000000E+000 -0.634362670456074E+001 -0.753566046368670E-013  0.172325924730836E+003  0.716798916162858E-012  0.955263402591506E+001  0.212703765175346E-013  0.996768085161628E+000  0.000000000000000E+000 -0.803329597368106E-001  0.000000000000000E+000  0.100000000000000E+001  0.000000000000000E+000  0.803329597368106E-001  0.000000000000000E+000  0.996768085161628E+000 -0.239822401289888E+000  0.000000000000000E+000  0.193281101126766E-001
  0.518750000000000E+000 -0.539078927522613E+001 -0.177165573878035E-012  0.164785877626727E+003  0.308037626234188E-012  0.932562995535170E+001 -0.102929488692691E-012  0.997036242091613E+000  0.000000000000000E+000 -0.769332956052771E-001  0.000000000000000E+000  0.100000000000000E+001  0.000000000000000E+000  0.769332956052771E-001  0.000000000000000E+000  0.997036242091613E+000 -0.239886919847242E+000  0.000000000000000E+000  0.185101509226297E-001
  0.525000000000000E+000 -0.447865619525258E+001  0.752811441656620E-013  0.157279933320690E+003  0.789905771111879E-012  0.909522505907291E+001  0.114764233932312E-013  0.997291640770933E+000  0.000000000000000E+000 -0.735485096060672E-001  0.000000000000000E+000  0.100000000000000E+001  0.000000000000000E+000  0.735485096060672E-001  0.000000000000000E+000  0.997291640770933E+000 -0.239948368769487E+000  0.000000000000000E+000  0.176957714112198E-001
  0.531250000000000E+000 -0.360830277790708E+001 -0.945968563897948E-013  0.149814171128963E+003 -0.762318028074601E-013  0.886231251891228E+001 -0.613897543047957E-013  0.997534071530017E+000  0.000000000000000E+000 -0.701838738856857E-001  0.000000000000000E+000  0.100000000000000E+001  0.000000000000000E+000  0.701838738856857E-001  0.000000000000000E+000  0.997534071530017E+000 -0.240006697610122E+000  0.000000000000000E+000  0.168862400568960E-001
  0.537500000000000E+000 -0.277863533537413E+001 -0.644284972595166E-013  0.142369929586508E+003 -0.202379372159383E-012  0.862847934650107E+001 -0.628979362285926E-013  0.997763396404534E+000  0.000000000000000E+000 -0.668446318872652E-001  0.000000000000000E+000  0.100000000000000E+001  0.000000000000000E+000  0.668446318872652E-001  0.000000000000000E+000  0.997763396404534E+000 -0.240061873174931E+000  0.000000000000000E+000  0.160828184320760E-001
