 # Integral loads: N.components: 1
 #                 Ref.sys     : MomentRef
 #                 Components  : wing
 #  t , Fx , Fy , Fz , Mx , My , Mz , ref_mat(9) , ref_off(3) 
  0.000000000000000E+000 -0.125977523211576E+000  0.520243570445444E-014  0.590896442214996E+003 -0.193053860324821E-013 -0.305793614535781E+000 -0.117573569666383E-012  0.984807753000000E+000  0.000000000000000E+000 -0.173648177000000E+000  0.000000000000000E+000  0.100000000000000E+001  0.000000000000000E+000  0.173648177000000E+000  0.000000000000000E+000  0.984807753000000E+000 -0.236944745371800E+000  0.000000000000000E+000  0.417797513862000E-001
  0.625000000000000E-002 -0.341095584325657E+002  0.159971862145891E-013  0.354859817420125E+003  0.102764199875104E-011  0.750763323134091E+001  0.121635559487901E-012  0.984207044386892E+000  0.000000000000000E+000 -0.177021166879981E+000  0.000000000000000E+000  0.100000000000000E+001  0.000000000000000E+000  0.177021166879981E+000  0.000000000000000E+000  0.984207044386892E+000 -0.236800214879486E+000  0.000000000000000E+000  0.425912927513234E-001
  0.125000000000000E-001 -0.373270080212856E+002  0.177426649761170E-012  0.354212220422027E+003  0.296070242734584E-012  0.109159116319927E+002  0.837890818214943E-013  0.983595736190028E+000  0.000000000000000E+000 -0.180386882818928E+000  0.000000000000000E+000  0.100000000000000E+001  0.000000000000000E+000  0.180386882818928E+000  0.000000000000000E+000  0.983595736190028E+000 -0.236653134127321E+000  0.000000000000000E+000  0.434010840062340E-001
  0.187500000000000E-001 -0.411430894985819E+002 -0.597837751525887E-013  0.372715629591368E+003  0.104027464513905E-012  0.116858077308958E+002  0.817625929235242E-013  0.982974858072260E+000  0.000000000000000E+000 -0.183740110324755E+000  0.000000000000000E+000  0.100000000000000E+001  0.000000000000000E+000  0.183740110324755E+000  0.000000000000000E+000  0.982974858072260E+000 -0.236503750852186E+000  0.000000000000000E+000  0.442078705441360E-001
  0.250000000000000E-001 -0.446793550239102E+002  0.368750169288390E-013  0.386851711601575E+003 -0.849266580308936E-012  0.118636263256756E+002  0.398511726208299E-014  0.982345507174670E+000  0.000000000000000E+000 -0.187075664580066E+000  0.000000000000000E+000  0.100000000000000E+001  0.000000000000000E+000  0.187075664580066E+000  0.000000000000000E+000  0.982345507174670E+000 -0.236352329026226E+000  0.000000000000000E+000  0.450104048979638E-001
  0.312500000000000E-001 -0.478647485050493E+002  0.908106055630409E-013  0.398627959391995E+003  0.433960778346344E-013  0.120751031462415E+002  0.949822467472344E-013  0.981708845503923E+000  0.000000000000000E+000 -0.190388398815913E+000  0.000000000000000E+000  0.100000000000000E+001  0.000000000000000E+000  0.190388398815913E+000  0.000000000000000E+000  0.981708845503923E+000 -0.236199148228244E+000  0.000000000000000E+000  0.458074487551086E-001
  0.375000000000000E-001 -0.508141735683803E+002  0.146261475153509E-012  0.409253357728969E+003  0.407393120472825E-012  0.122807368544445E+002  0.159383836693050E-012  0.981066096899652E+000  0.000000000000000E+000 -0.193673212547359E+000  0.000000000000000E+000  0.100000000000000E+001  0.000000000000000E+000  0.193673212547359E+000  0.000000000000000E+000  0.981066096899652E+000 -0.236044502914056E+000  0.000000000000000E+000  0.465977749388947E-001
  0.437500000000000E-001 -0.535952738840714E+002 -0.430315505450807E-013  0.418962888147853E+003  0.589514173729073E-012  0.124772031728376E+002  0.380165038681330E-013  0.980418543595136E+000  0.000000000000000E+000 -0.196925059652457E+000  0.000000000000000E+000  0.100000000000000E+001  0.000000000000000E+000  0.196925059652457E+000  0.000000000000000E+000  0.980418543595136E+000 -0.235888701588990E+000  0.000000000000000E+000  0.473801693523812E-001
  0.500000000000000E-001 -0.562592623500882E+002  0.686299975183324E-013  0.428019860874011E+003  0.345343719741248E-012  0.126678423174579E+002  0.155468251038527E-012  0.979767522387112E+000  0.000000000000000E+000 -0.200138956277262E+000  0.000000000000000E+000  0.100000000000000E+001  0.000000000000000E+000  0.200138956277262E+000  0.000000000000000E+000  0.979767522387112E+000 -0.235732065886339E+000  0.000000000000000E+000  0.481534328803091E-001
  0.562500000000000E-001 -0.588325641338024E+002  0.141390371632966E-012  0.436518320483094E+003  0.124412380635129E-011  0.128589517223423E+002  0.358184904982963E-012  0.979114420433015E+000  0.000000000000000E+000 -0.203309988550619E+000  0.000000000000000E+000  0.100000000000000E+001  0.000000000000000E+000  0.203309988550619E+000  0.000000000000000E+000  0.979114420433015E+000 -0.235574929556184E+000  0.000000000000000E+000  0.489163832452789E-001
  0.625000000000000E-001 -0.613236987450706E+002  0.482348536112731E-013  0.444503492702511E+003 -0.454873086820858E-013  0.130523507459572E+002  0.124519020467594E-012  0.978460670696291E+000  0.000000000000000E+000 -0.206433320093673E+000  0.000000000000000E+000  0.100000000000000E+001  0.000000000000000E+000  0.206433320093673E+000  0.000000000000000E+000  0.978460670696291E+000 -0.235417637369528E+000  0.000000000000000E+000  0.496678568145378E-001
  0.687500000000000E-001 -0.637638831797802E+002 -0.157649934773296E-012  0.452199578172057E+003 -0.793505207506992E-012  0.132403832660697E+002 -0.102091387003562E-012  0.977807747062618E+000  0.000000000000000E+000 -0.209504199310325E+000  0.000000000000000E+000  0.100000000000000E+001  0.000000000000000E+000  0.209504199310325E+000  0.000000000000000E+000  0.977807747062618E+000 -0.235260543943266E+000  0.000000000000000E+000  0.504067103540641E-001
  0.750000000000000E-001 -0.661457663572005E+002  0.708287595241330E-013  0.459491279320110E+003  0.662205065788802E-012  0.134316296826584E+002 -0.148260475121828E-013  0.977157159151938E+000  0.000000000000000E+000 -0.212517966446242E+000  0.000000000000000E+000  0.100000000000000E+001  0.000000000000000E+000  0.212517966446242E+000  0.000000000000000E+000  0.977157159151938E+000 -0.235104012491956E+000  0.000000000000000E+000  0.511318227269659E-001
  0.812500000000000E-001 -0.684700538714422E+002  0.308207452615061E-012  0.466427896927475E+003 -0.868289902423639E-013  0.136243106808393E+002 -0.786830916101699E-013  0.976510446853082E+000  0.000000000000000E+000 -0.215470060405446E+000  0.000000000000000E+000  0.100000000000000E+001  0.000000000000000E+000  0.215470060405446E+000  0.000000000000000E+000  0.976510446853082E+000 -0.234948413512852E+000  0.000000000000000E+000  0.518420965335503E-001
  0.875000000000000E-001 -0.707482917882847E+002 -0.149965109774719E-012  0.473112245621863E+003 -0.361491448310410E-012  0.138121748030828E+002 -0.329202144975982E-012  0.975869174609485E+000  0.000000000000000E+000 -0.218356025314932E+000  0.000000000000000E+000  0.100000000000000E+001  0.000000000000000E+000  0.218356025314932E+000  0.000000000000000E+000  0.975869174609485E+000 -0.234794123411042E+000  0.000000000000000E+000  0.525364596907727E-001
  0.937500000000000E-001 -0.729789312865159E+002  0.115853507343111E-013  0.479518921482794E+003 -0.538907013999893E-013  0.139986943705610E+002 -0.904709236523245E-014  0.975234925486037E+000  0.000000000000000E+000 -0.221171516829306E+000  0.000000000000000E+000  0.100000000000000E+001  0.000000000000000E+000  0.221171516829306E+000  0.000000000000000E+000  0.975234925486037E+000 -0.234641523071941E+000  0.000000000000000E+000  0.532138669491309E-001
  0.100000000000000E+000 -0.751706903246076E+002 -0.126342512840605E-012  0.485721218043743E+003 -0.212517951428125E-012  0.141799969962341E+002 -0.953164476566537E-014  0.974609295048443E+000  0.000000000000000E+000 -0.223912308168865E+000  0.000000000000000E+000  0.100000000000000E+001  0.000000000000000E+000  0.223912308168865E+000  0.000000000000000E+000  0.974609295048443E+000 -0.234490996388655E+000  0.000000000000000E+000  0.538733013454290E-001
  0.106250000000000E+000 -0.773204930073365E+002  0.491202564734117E-012  0.491692893710231E+003  0.248849733939867E-011  0.143583806153589E+002  0.718952726398670E-012  0.973993885087609E+000  0.000000000000000E+000 -0.226574295886089E+000  0.000000000000000E+000  0.100000000000000E+001  0.000000000000000E+000  0.226574295886089E+000  0.000000000000000E+000  0.973993885087609E+000 -0.234342928752079E+000  0.000000000000000E+000  0.545137755901931E-001
  0.112500000000000E+000 -0.794245735581797E+002  0.194583064938580E-012  0.497431303023667E+003  0.134733182255405E-011  0.145339575736596E+002  0.302869167504235E-012  0.973390297222532E+000  0.000000000000000E+000 -0.229153505356917E+000  0.000000000000000E+000  0.100000000000000E+001  0.000000000000000E+000  0.229153505356917E+000  0.000000000000000E+000  0.973390297222532E+000 -0.234197705511741E+000  0.000000000000000E+000  0.551343333888743E-001
  0.118750000000000E+000 -0.814849494168094E+002  0.848236411665759E-013  0.502966692925124E+003 -0.981203003920833E-013  0.147036403956000E+002  0.118807977008207E-012  0.972800126415886E+000  0.000000000000000E+000 -0.231646095994664E+000  0.000000000000000E+000  0.100000000000000E+001  0.000000000000000E+000  0.231646095994664E+000  0.000000000000000E+000  0.972800126415886E+000 -0.234055710415662E+000  0.000000000000000E+000  0.557340506963162E-001
  0.125000000000000E+000 -0.834915523307292E+002  0.229957546060700E-012  0.508248138581080E+003 -0.317627602470074E-012  0.148731240810059E+002  0.207651222900631E-012  0.972224954437039E+000  0.000000000000000E+000 -0.234048366185774E+000  0.000000000000000E+000  0.100000000000000E+001  0.000000000000000E+000  0.234048366185774E+000  0.000000000000000E+000  0.972224954437039E+000 -0.233917324037552E+000  0.000000000000000E+000  0.563120369042971E-001
  0.131250000000000E+000 -0.854332556793291E+002 -0.230319235905441E-013  0.513245376263692E+003  0.776073404297519E-012  0.150427916503255E+002  0.163184374384637E-012  0.971666343307558E+000  0.000000000000000E+000 -0.236356757947919E+000  0.000000000000000E+000  0.100000000000000E+001  0.000000000000000E+000  0.236356757947919E+000  0.000000000000000E+000  0.971666343307558E+000 -0.233782922199798E+000  0.000000000000000E+000  0.568674359622693E-001
  0.137500000000000E+000 -0.873183383935150E+002  0.821641366055559E-012  0.518050256095761E+003  0.173619654240435E-011  0.152052724305552E+002  0.852685092901252E-012  0.971125828764355E+000  0.000000000000000E+000 -0.238567861312199E+000  0.000000000000000E+000  0.100000000000000E+001  0.000000000000000E+000  0.238567861312199E+000  0.000000000000000E+000  0.971125828764355E+000 -0.233652874400704E+000  0.000000000000000E+000  0.573994274317151E-001
  0.143750000000000E+000 -0.891413383560253E+002  0.346097282777347E-012  0.522621278364530E+003 -0.480132357543494E-013  0.153638509302643E+002 -0.968594219453500E-014  0.970604913775558E+000  0.000000000000000E+000 -0.240678418432302E+000  0.000000000000000E+000  0.100000000000000E+001  0.000000000000000E+000  0.240678418432302E+000  0.000000000000000E+000  0.970604913775558E+000 -0.233527542254399E+000  0.000000000000000E+000  0.579072274748118E-001
  0.150000000000000E+000 -0.908976390894772E+002  0.387477376573298E-012  0.526954210747772E+003  0.383637535487569E-012  0.155186608636750E+002  0.400871458622182E-012  0.970105062143876E+000  0.000000000000000E+000 -0.242685327424546E+000  0.000000000000000E+000  0.100000000000000E+001  0.000000000000000E+000  0.242685327424546E+000  0.000000000000000E+000  0.970105062143876E+000 -0.233407277951817E+000  0.000000000000000E+000  0.583900897783459E-001
  0.156250000000000E+000 -0.925838830013651E+002  0.654789590603944E-012  0.531052285045601E+003  0.745548312319713E-012  0.156692833527455E+002  0.410414903095306E-012  0.969627692231750E+000  0.000000000000000E+000 -0.244585645943631E+000  0.000000000000000E+000  0.100000000000000E+001  0.000000000000000E+000  0.244585645943631E+000  0.000000000000000E+000  0.969627692231750E+000 -0.233292422750959E+000  0.000000000000000E+000  0.588473064140376E-001
  0.162500000000000E+000 -0.941772783001519E+002  0.148927745136085E-012  0.534792522570722E+003 -0.162908687269089E-012  0.158236010429223E+002  0.152123766246143E-012  0.969174170841887E+000  0.000000000000000E+000 -0.246376594499707E+000  0.000000000000000E+000  0.100000000000000E+001  0.000000000000000E+000  0.246376594499707E+000  0.000000000000000E+000  0.969174170841887E+000 -0.233183305504558E+000  0.000000000000000E+000  0.592782086366294E-001
  0.168750000000000E+000 -0.956970001989740E+002  0.106697636836905E-012  0.538366603680750E+003 -0.588786084487257E-012  0.159665541595198E+002  0.288668993538402E-012  0.968745807285908E+000  0.000000000000000E+000 -0.248055559523075E+000  0.000000000000000E+000  0.100000000000000E+001  0.000000000000000E+000  0.248055559523075E+000  0.000000000000000E+000  0.968745807285908E+000 -0.233080241232990E+000  0.000000000000000E+000  0.596821676212519E-001
  0.175000000000000E+000 -0.971326361059569E+002  0.286722902365089E-012  0.541675471885125E+003 -0.246250781200939E-013  0.161057065687624E+002  0.164313036025591E-012  0.968343847672796E+000  0.000000000000000E+000 -0.249620096183334E+000  0.000000000000000E+000  0.100000000000000E+001  0.000000000000000E+000  0.249620096183334E+000  0.000000000000000E+000  0.968343847672796E+000 -0.232983529750075E+000  0.000000000000000E+000  0.600585951417100E-001
  0.181250000000000E+000 -0.984846253972020E+002  0.767413910196524E-012  0.544747631899972E+003  0.100303594724724E-011  0.162395873298432E+002  0.383191002963813E-012  0.967969469447605E+000  0.000000000000000E+000 -0.251067930970193E+000  0.000000000000000E+000  0.100000000000000E+001  0.000000000000000E+000  0.251067930970193E+000  0.000000000000000E+000  0.967969469447605E+000 -0.232893454349094E+000  0.000000000000000E+000  0.604069441914284E-001
  0.187500000000000E+000 -0.997482047321528E+002 -0.492973717403089E-013  0.547565899371055E+003 -0.162690605561059E-011  0.163690822576049E+002 -0.267129124387015E-012  0.967623776209524E+000  0.000000000000000E+000 -0.252396964043457E+000  0.000000000000000E+000  0.100000000000000E+001  0.000000000000000E+000  0.252396964043457E+000  0.000000000000000E+000  0.967623776209524E+000 -0.232810280556011E+000  0.000000000000000E+000  0.607267095488558E-001
  0.193750000000000E+000 -0.100917324371723E+003  0.707389008480774E-012  0.550116085546875E+003 -0.845755976820305E-013  0.164943641251575E+002  0.587499639432780E-012  0.967307792836836E+000  0.000000000000000E+000 -0.253605271359766E+000  0.000000000000000E+000  0.100000000000000E+001  0.000000000000000E+000  0.253605271359766E+000  0.000000000000000E+000  0.967307792836836E+000 -0.232734254956543E+000  0.000000000000000E+000  0.610174282891596E-001
  0.200000000000000E+000 -0.101988108425013E+003  0.232826778689965E-012  0.552400795274231E+003  0.660919516584808E-012  0.166148874568403E+002  0.389594818633450E-012  0.967022460944681E+000  0.000000000000000E+000 -0.254691106583691E+000  0.000000000000000E+000  0.100000000000000E+001  0.000000000000000E+000  0.254691106583691E+000  0.000000000000000E+000  0.967022460944681E+000 -0.232665604103290E+000  0.000000000000000E+000  0.612786802440361E-001
  0.206250000000000E+000 -0.102966439626926E+003 -0.100451764961651E-012  0.554460013854906E+003  0.528853867285494E-012  0.167288520532215E+002  0.211404729511795E-012  0.966768634699664E+000  0.000000000000000E+000 -0.255652902790638E+000  0.000000000000000E+000  0.100000000000000E+001  0.000000000000000E+000  0.255652902790638E+000  0.000000000000000E+000  0.966768634699664E+000 -0.232604533508739E+000  0.000000000000000E+000  0.615100884114276E-001
  0.212500000000000E+000 -0.103842732449510E+003  0.776991318507392E-012  0.556237585820824E+003 -0.400005209475462E-013  0.168392331678264E+002  0.575244484820820E-012  0.966547077013501E+000  0.000000000000000E+000 -0.256489273968700E+000  0.000000000000000E+000  0.100000000000000E+001  0.000000000000000E+000  0.256489273968700E+000  0.000000000000000E+000  0.966547077013501E+000 -0.232551226729448E+000  0.000000000000000E+000  0.617113193168691E-001
  0.218750000000000E+000 -0.104590128101103E+003  0.175102120303361E-012  0.557603128536239E+003  0.449985398572871E-012  0.169550563870459E+002  0.394453202825454E-012  0.966358456135787E+000  0.000000000000000E+000 -0.257199016326248E+000  0.000000000000000E+000  0.100000000000000E+001  0.000000000000000E+000  0.257199016326248E+000  0.000000000000000E+000  0.966358456135787E+000 -0.232505844546270E+000  0.000000000000000E+000  0.618820833280953E-001
  0.225000000000000E+000 -0.105237016150632E+003  0.183489508309709E-012  0.558799065915931E+003  0.245774083507656E-012  0.170562554234791E+002  0.303250049704530E-012  0.966203342663904E+000  0.000000000000000E+000 -0.257781109411513E+000  0.000000000000000E+000  0.100000000000000E+001  0.000000000000000E+000  0.257781109411513E+000  0.000000000000000E+000  0.966203342663904E+000 -0.232468524244935E+000  0.000000000000000E+000  0.620221349244100E-001
  0.231250000000000E+000 -0.105782921988388E+003  0.329989507941164E-012  0.559755921620964E+003  0.274444796252969E-011  0.171503581762026E+002  0.878125447499672E-012  0.966082206985797E+000  0.000000000000000E+000 -0.258234717049789E+000  0.000000000000000E+000  0.100000000000000E+001  0.000000000000000E+000  0.258234717049789E+000  0.000000000000000E+000  0.966082206985797E+000 -0.232439379000783E+000  0.000000000000000E+000  0.621312729221792E-001
  0.237500000000000E+000 -0.106218956976418E+003  0.266245359092920E-012  0.560425351392508E+003  0.823030498198194E-012  0.172402772861701E+002  0.297368314448130E-012  0.965995417169118E+000  0.000000000000000E+000 -0.258559188103215E+000  0.000000000000000E+000  0.100000000000000E+001  0.000000000000000E+000  0.258559188103215E+000  0.000000000000000E+000  0.965995417169118E+000 -0.232418497370890E+000  0.000000000000000E+000  0.622093406576335E-001
  0.243750000000000E+000 -0.106543366436340E+003  0.635919268632268E-012  0.560821538615558E+003  0.114320517960718E-011  0.173249076403492E+002  0.352214934407122E-012  0.965943237307830E+000  0.000000000000000E+000 -0.258754057057278E+000  0.000000000000000E+000  0.100000000000000E+001  0.000000000000000E+000  0.258754057057278E+000  0.000000000000000E+000  0.965943237307830E+000 -0.232405942896264E+000  0.000000000000000E+000  0.622562261279811E-001
  0.250000000000000E+000 -0.106755206233773E+003  0.334383562505813E-012  0.560945520603118E+003  0.238092930185417E-011  0.174039395420060E+002  0.620854780388112E-012  0.965925826334960E+000  0.000000000000000E+000 -0.258819044437338E+000  0.000000000000000E+000  0.100000000000000E+001  0.000000000000000E+000  0.258819044437338E+000  0.000000000000000E+000  0.965925826334960E+000 -0.232401753816191E+000  0.000000000000000E+000  0.622718620916236E-001
  0.256250000000000E+000 -0.106847924571209E+003  0.954684248322124E-012  0.560769295760276E+003  0.118345099608299E-011  0.174782503695121E+002  0.830488214384947E-012  0.965943237307751E+000  0.000000000000000E+000 -0.258754057057575E+000  0.000000000000000E+000  0.100000000000000E+001  0.000000000000000E+000  0.258754057057575E+000  0.000000000000000E+000  0.965943237307751E+000 -0.232405942896245E+000  0.000000000000000E+000  0.622562261280526E-001
  0.262500000000000E+000 -0.106827120436821E+003  0.108516060720598E-011  0.560332998232891E+003  0.158751615429118E-011  0.175459455583115E+002  0.577649587518894E-012  0.965995417168959E+000  0.000000000000000E+000 -0.258559188103809E+000  0.000000000000000E+000  0.100000000000000E+001  0.000000000000000E+000  0.258559188103809E+000  0.000000000000000E+000  0.965995417168959E+000 -0.232418497370852E+000  0.000000000000000E+000  0.622093406577764E-001
  0.268750000000000E+000 -0.106694874172820E+003  0.522811828551628E-012  0.559634689329173E+003  0.794753903588209E-012  0.176072411651477E+002  0.395001706003548E-012  0.966082206985559E+000  0.000000000000000E+000 -0.258234717050678E+000  0.000000000000000E+000  0.100000000000000E+001  0.000000000000000E+000  0.258234717050678E+000  0.000000000000000E+000  0.966082206985559E+000 -0.232439379000725E+000  0.000000000000000E+000  0.621312729223932E-001
  0.275000000000000E+000 -0.106450405118374E+003  0.523689598630472E-012  0.558664444777191E+003  0.960722141749161E-012  0.176627283278950E+002  0.442263141576380E-012  0.966203342663588E+000  0.000000000000000E+000 -0.257781109412697E+000  0.000000000000000E+000  0.100000000000000E+001  0.000000000000000E+000  0.257781109412697E+000  0.000000000000000E+000  0.966203342663588E+000 -0.232468524244859E+000  0.000000000000000E+000  0.620221349246950E-001
  0.281250000000000E+000 -0.106138121711115E+003  0.203734598636096E-012  0.557632015460126E+003  0.262506037370010E-012  0.177078758242212E+002  0.157571495163891E-012  0.966358456135394E+000  0.000000000000000E+000 -0.257199016327726E+000  0.000000000000000E+000  0.100000000000000E+001  0.000000000000000E+000  0.257199016327726E+000  0.000000000000000E+000  0.966358456135394E+000 -0.232505844546176E+000  0.000000000000000E+000  0.618820833284508E-001
  0.287500000000000E+000 -0.105702404599698E+003  0.266638273960229E-012  0.556175326851275E+003 -0.939712897549717E-012  0.177531870028262E+002  0.506837819061918E-013  0.966547077013031E+000  0.000000000000000E+000 -0.256489273970468E+000  0.000000000000000E+000  0.100000000000000E+001  0.000000000000000E+000  0.256489273970468E+000  0.000000000000000E+000  0.966547077013031E+000 -0.232551226729335E+000  0.000000000000000E+000  0.617113193172946E-001
  0.293750000000000E+000 -0.105132839046738E+003  0.265491621742608E-012  0.554363798849053E+003  0.442591368508964E-012  0.177936751475750E+002  0.424417062069133E-012  0.966768634699120E+000  0.000000000000000E+000 -0.255652902792695E+000  0.000000000000000E+000  0.100000000000000E+001  0.000000000000000E+000  0.255652902792695E+000  0.000000000000000E+000  0.966768634699120E+000 -0.232604533508608E+000  0.000000000000000E+000  0.615100884119223E-001
  0.300000000000000E+000 -0.104453304393332E+003  0.379106468439971E-012  0.552335013687317E+003  0.952130223045325E-012  0.178252711042349E+002  0.506598731220421E-012  0.967022460944064E+000  0.000000000000000E+000 -0.254691106586033E+000  0.000000000000000E+000  0.100000000000000E+001  0.000000000000000E+000  0.254691106586033E+000  0.000000000000000E+000  0.967022460944064E+000 -0.232665604103142E+000  0.000000000000000E+000  0.612786802445995E-001
  0.306250000000000E+000 -0.103660216208592E+003  0.101890891557321E-011  0.550014502105317E+003  0.257077260031273E-011  0.178504876691431E+002  0.923712108227612E-012  0.967307792836149E+000  0.000000000000000E+000 -0.253605271362389E+000  0.000000000000000E+000  0.100000000000000E+001  0.000000000000000E+000  0.253605271362389E+000  0.000000000000000E+000  0.967307792836149E+000 -0.232734254956377E+000  0.000000000000000E+000  0.610174282897908E-001
  0.312500000000000E+000 -0.102762743282139E+003  0.668055888386476E-012  0.547447683435879E+003  0.144767290612433E-011  0.178683402891661E+002  0.529991940642159E-012  0.967623776208767E+000  0.000000000000000E+000 -0.252396964046359E+000  0.000000000000000E+000  0.100000000000000E+001  0.000000000000000E+000  0.252396964046359E+000  0.000000000000000E+000  0.967623776208767E+000 -0.232810280555829E+000  0.000000000000000E+000  0.607267095495539E-001
  0.318750000000000E+000 -0.101763554781714E+003  0.892325276169448E-012  0.544625025922033E+003  0.923702619819388E-012  0.178792855800011E+002  0.318337580888996E-012  0.967969469446782E+000  0.000000000000000E+000 -0.251067930973368E+000  0.000000000000000E+000  0.100000000000000E+001  0.000000000000000E+000  0.251067930973368E+000  0.000000000000000E+000  0.967969469446782E+000 -0.232893454348896E+000  0.000000000000000E+000  0.604069441921924E-001
  0.325000000000000E+000 -0.100682242993528E+003  0.209315204058313E-012  0.541641618718243E+003  0.150690496996540E-011  0.178764659844748E+002  0.422507555063316E-012  0.968343847671908E+000  0.000000000000000E+000 -0.249620096186778E+000  0.000000000000000E+000  0.100000000000000E+001  0.000000000000000E+000  0.249620096186778E+000  0.000000000000000E+000  0.968343847671908E+000 -0.232983529749861E+000  0.000000000000000E+000  0.600585951425389E-001
  0.331250000000000E+000 -0.995061078107660E+002 -0.109966723227384E-012  0.538386041074850E+003 -0.130165086003367E-011  0.178710346039728E+002 -0.296620010413422E-012  0.968745807284959E+000  0.000000000000000E+000 -0.248055559526784E+000  0.000000000000000E+000  0.100000000000000E+001  0.000000000000000E+000  0.248055559526784E+000  0.000000000000000E+000  0.968745807284959E+000 -0.233080241232761E+000  0.000000000000000E+000  0.596821676221443E-001
  0.337500000000000E+000 -0.982391822555187E+002  0.755585698175576E-012  0.534883639074314E+003 -0.679767339646004E-012  0.178596392403710E+002 -0.375295791190245E-013  0.969174170840878E+000  0.000000000000000E+000 -0.246376594503675E+000  0.000000000000000E+000  0.100000000000000E+001  0.000000000000000E+000  0.246376594503675E+000  0.000000000000000E+000  0.969174170840878E+000 -0.233183305504315E+000  0.000000000000000E+000  0.592782086375842E-001
  0.343750000000000E+000 -0.968784346679082E+002  0.270090373677423E-012  0.531102450536983E+003  0.189002810423265E-012  0.178436885257293E+002  0.156605520102177E-012  0.969627692230685E+000  0.000000000000000E+000 -0.244585645947852E+000  0.000000000000000E+000  0.100000000000000E+001  0.000000000000000E+000  0.244585645947852E+000  0.000000000000000E+000  0.969627692230685E+000 -0.233292422750703E+000  0.000000000000000E+000  0.588473064150532E-001
  0.350000000000000E+000 -0.954301295746483E+002  0.424921382802257E-012  0.527081261483841E+003  0.168720462231336E-011  0.178205829151575E+002  0.476836816513982E-012  0.970105062142758E+000  0.000000000000000E+000 -0.242685327429015E+000  0.000000000000000E+000  0.100000000000000E+001  0.000000000000000E+000  0.242685327429015E+000  0.000000000000000E+000  0.970105062142758E+000 -0.233407277951548E+000  0.000000000000000E+000  0.583900897794209E-001
  0.356250000000000E+000 -0.939037906881596E+002  0.487204894483728E-012  0.522853050504024E+003  0.731273804399556E-012  0.177888683414442E+002  0.332307321195982E-012  0.970604913774390E+000  0.000000000000000E+000 -0.240678418437010E+000  0.000000000000000E+000  0.100000000000000E+001  0.000000000000000E+000  0.240678418437010E+000  0.000000000000000E+000  0.970604913774390E+000 -0.233527542254118E+000  0.000000000000000E+000  0.579072274759447E-001
  0.362500000000000E+000 -0.922963582398665E+002  0.268457998886529E-012  0.518362547239583E+003  0.178622160398867E-011  0.177523782869411E+002  0.447138300778653E-012  0.971125828763141E+000  0.000000000000000E+000 -0.238567861317141E+000  0.000000000000000E+000  0.100000000000000E+001  0.000000000000000E+000  0.238567861317141E+000  0.000000000000000E+000  0.971125828763141E+000 -0.233652874400412E+000  0.000000000000000E+000  0.573994274329041E-001
  0.368750000000000E+000 -0.906199926203681E+002  0.490772353312074E-012  0.513678974694716E+003  0.237917861009522E-011  0.177072654322090E+002  0.403452820476543E-012  0.971666343306301E+000  0.000000000000000E+000 -0.236356757953087E+000  0.000000000000000E+000  0.100000000000000E+001  0.000000000000000E+000  0.236356757953087E+000  0.000000000000000E+000  0.971666343306301E+000 -0.233782922199496E+000  0.000000000000000E+000  0.568674359635128E-001
  0.375000000000000E+000 -0.888738023628333E+002  0.599725130667750E-012  0.508761071399676E+003  0.111387399498503E-011  0.176557382034459E+002  0.224458288847164E-012  0.972224954435742E+000  0.000000000000000E+000 -0.234048366191161E+000  0.000000000000000E+000  0.100000000000000E+001  0.000000000000000E+000  0.234048366191161E+000  0.000000000000000E+000  0.972224954435742E+000 -0.233917324037240E+000  0.000000000000000E+000  0.563120369055932E-001
  0.381250000000000E+000 -0.870642452589199E+002  0.450819069575115E-012  0.503637221361571E+003  0.867701925978053E-013  0.175967619821109E+002  0.210992932904467E-012  0.972800126414553E+000  0.000000000000000E+000 -0.231646096000262E+000  0.000000000000000E+000  0.100000000000000E+001  0.000000000000000E+000  0.231646096000262E+000  0.000000000000000E+000  0.972800126414553E+000 -0.234055710415341E+000  0.000000000000000E+000  0.557340506976630E-001
  0.387500000000000E+000 -0.851985523522581E+002  0.107575406915750E-012  0.498322452148271E+003 -0.108380127867675E-012  0.175300989531124E+002  0.270738279808940E-013  0.973390297221167E+000  0.000000000000000E+000 -0.229153505362717E+000  0.000000000000000E+000  0.100000000000000E+001  0.000000000000000E+000  0.229153505362717E+000  0.000000000000000E+000  0.973390297221167E+000 -0.234197705511413E+000  0.000000000000000E+000  0.551343333902697E-001
  0.393750000000000E+000 -0.832826832633990E+002  0.298918008401206E-012  0.492826537329156E+003  0.732080609850430E-012  0.174557974912559E+002  0.132241737632308E-012  0.973993885086215E+000  0.000000000000000E+000 -0.226574295892083E+000  0.000000000000000E+000  0.100000000000000E+001  0.000000000000000E+000  0.226574295892083E+000  0.000000000000000E+000  0.973993885086215E+000 -0.234342928751743E+000  0.000000000000000E+000  0.545137755916352E-001
  0.400000000000000E+000 -0.813371126665492E+002  0.544994605000682E-012  0.487252011866304E+003 -0.687996005629517E-014  0.173673454642648E+002  0.143552886072300E-012  0.974609295047024E+000  0.000000000000000E+000 -0.223912308175044E+000  0.000000000000000E+000  0.100000000000000E+001  0.000000000000000E+000  0.223912308175044E+000  0.000000000000000E+000  0.974609295047024E+000 -0.234490996388314E+000  0.000000000000000E+000  0.538733013469155E-001
  0.406250000000000E+000 -0.793452021804569E+002  0.142585596107914E-012  0.481431593804221E+003  0.107701251847762E-012  0.172784817070409E+002  0.355382413447113E-013  0.975234925484596E+000  0.000000000000000E+000 -0.221171516835660E+000  0.000000000000000E+000  0.100000000000000E+001  0.000000000000000E+000  0.221171516835660E+000  0.000000000000000E+000  0.975234925484596E+000 -0.234641523071594E+000  0.000000000000000E+000  0.532138669506597E-001
  0.412500000000000E+000 -0.773121358647727E+002  0.180994975951254E-012  0.475421903072532E+003  0.400608311294922E-012  0.171836517901383E+002  0.102036287277135E-012  0.975869174608026E+000  0.000000000000000E+000 -0.218356025321452E+000  0.000000000000000E+000  0.100000000000000E+001  0.000000000000000E+000  0.218356025321452E+000  0.000000000000000E+000  0.975869174608026E+000 -0.234794123410691E+000  0.000000000000000E+000  0.525364596923414E-001
  0.418750000000000E+000 -0.752483872071858E+002  0.559491689089420E-013  0.469264854787274E+003 -0.601996081031723E-012  0.170808469859211E+002 -0.455148255495327E-013  0.976510446851609E+000  0.000000000000000E+000 -0.215470060412122E+000  0.000000000000000E+000  0.100000000000000E+001  0.000000000000000E+000  0.215470060412122E+000  0.000000000000000E+000  0.976510446851609E+000 -0.234948413512497E+000  0.000000000000000E+000  0.518420965351566E-001
  0.425000000000000E+000 -0.731513077330711E+002  0.584478646037390E-012  0.462915847021478E+003  0.765685464334258E-012  0.169734692650133E+002  0.411049225619005E-012  0.977157159150454E+000  0.000000000000000E+000 -0.212517966453065E+000  0.000000000000000E+000  0.100000000000000E+001  0.000000000000000E+000  0.212517966453065E+000  0.000000000000000E+000  0.977157159150454E+000 -0.235104012491599E+000  0.000000000000000E+000  0.511318227286074E-001
  0.431250000000000E+000 -0.710327941236420E+002  0.244223911927133E-012  0.456442271883366E+003  0.841550665707914E-012  0.168577589776933E+002  0.123357451476690E-012  0.977807747061127E+000  0.000000000000000E+000 -0.209504199317283E+000  0.000000000000000E+000  0.100000000000000E+001  0.000000000000000E+000  0.209504199317283E+000  0.000000000000000E+000  0.977807747061127E+000 -0.235260543942907E+000  0.000000000000000E+000  0.504067103557382E-001
  0.437500000000000E+000 -0.688844824127430E+002  0.163110844275671E-012  0.449746932848253E+003  0.386850547135506E-012  0.167403731987437E+002  0.343184536579222E-012  0.978460670694796E+000  0.000000000000000E+000 -0.206433320100757E+000  0.000000000000000E+000  0.100000000000000E+001  0.000000000000000E+000  0.206433320100757E+000  0.000000000000000E+000  0.978460670694796E+000 -0.235417637369168E+000  0.000000000000000E+000  0.496678568162420E-001
  0.443750000000000E+000 -0.667297520878698E+002  0.746408143625921E-013  0.442996892013637E+003 -0.456363046453793E-012  0.166104923785744E+002  0.525076044112985E-013  0.979114420431521E+000  0.000000000000000E+000 -0.203309988557817E+000  0.000000000000000E+000  0.100000000000000E+001  0.000000000000000E+000  0.203309988557817E+000  0.000000000000000E+000  0.979114420431521E+000 -0.235574929555824E+000  0.000000000000000E+000  0.489163832470108E-001
  0.450000000000000E+000 -0.645751942799311E+002  0.810757710967280E-013  0.436164513355146E+003 -0.573625244939989E-012  0.164724106336150E+002  0.120818629900059E-012  0.979767522385621E+000  0.000000000000000E+000 -0.200138956284563E+000  0.000000000000000E+000  0.100000000000000E+001  0.000000000000000E+000  0.200138956284563E+000  0.000000000000000E+000  0.979767522385621E+000 -0.235732065885980E+000  0.000000000000000E+000  0.481534328820659E-001
  0.456250000000000E+000 -0.624207879148684E+002  0.103217781544096E-012  0.429220532082847E+003  0.166038159714392E-011  0.163290779648884E+002  0.209800523579841E-012  0.980418543593651E+000  0.000000000000000E+000 -0.196925059659851E+000  0.000000000000000E+000  0.100000000000000E+001  0.000000000000000E+000  0.196925059659851E+000  0.000000000000000E+000  0.980418543593651E+000 -0.235888701588633E+000  0.000000000000000E+000  0.473801693541602E-001
  0.462500000000000E+000 -0.602689481640487E+002  0.418873269403264E-012  0.422169512012907E+003 -0.994740132569782E-012  0.161810487948221E+002  0.298750748673356E-013  0.981066096898176E+000  0.000000000000000E+000 -0.193673212554835E+000  0.000000000000000E+000  0.100000000000000E+001  0.000000000000000E+000  0.193673212554835E+000  0.000000000000000E+000  0.981066096898176E+000 -0.236044502913701E+000  0.000000000000000E+000  0.465977749406932E-001
  0.468750000000000E+000 -0.581245088898028E+002  0.376545149227692E-012  0.415035007566198E+003  0.382435187183918E-012  0.160272012460777E+002  0.289532161878538E-012  0.981708845502460E+000  0.000000000000000E+000 -0.190388398823457E+000  0.000000000000000E+000  0.100000000000000E+001  0.000000000000000E+000  0.190388398823457E+000  0.000000000000000E+000  0.981708845502460E+000 -0.236199148227892E+000  0.000000000000000E+000  0.458074487569239E-001
  0.475000000000000E+000 -0.559990112478664E+002 -0.812197531452341E-014  0.407877067337858E+003  0.385153482461419E-012  0.158632778127471E+002  0.198836555542466E-012  0.982345507173222E+000  0.000000000000000E+000 -0.187075664587668E+000  0.000000000000000E+000  0.100000000000000E+001  0.000000000000000E+000  0.187075664587668E+000  0.000000000000000E+000  0.982345507173222E+000 -0.236352329025877E+000  0.000000000000000E+000  0.450104048997930E-001
  0.481250000000000E+000 -0.538900262996031E+002 -0.139090995665558E-012  0.400637552362957E+003  0.112569689142369E-012  0.156966430757318E+002 -0.461599317127517E-013  0.982974858070830E+000  0.000000000000000E+000 -0.183740110332404E+000  0.000000000000000E+000  0.100000000000000E+001  0.000000000000000E+000  0.183740110332404E+000  0.000000000000000E+000  0.982974858070830E+000 -0.236503750851842E+000  0.000000000000000E+000  0.442078705459764E-001
  0.487500000000000E+000 -0.518032011187122E+002  0.188859344829595E-012  0.393356636900138E+003  0.594472687711314E-012  0.155239035816097E+002  0.904103524548410E-013  0.983595736188619E+000  0.000000000000000E+000 -0.180386882826611E+000  0.000000000000000E+000  0.100000000000000E+001  0.000000000000000E+000  0.180386882826611E+000  0.000000000000000E+000  0.983595736188619E+000 -0.236653134126982E+000  0.000000000000000E+000  0.434010840080826E-001
  0.493750000000000E+000 -0.497417085339368E+002  0.265228377455129E-012  0.386039642995638E+003  0.104810369056533E-011  0.153463148778600E+002  0.183851977694176E-012  0.984207044385506E+000  0.000000000000000E+000 -0.177021166887687E+000  0.000000000000000E+000  0.100000000000000E+001  0.000000000000000E+000  0.177021166887687E+000  0.000000000000000E+000  0.984207044385506E+000 -0.236800214879153E+000  0.000000000000000E+000  0.425912927531775E-001
  0.500000000000000E+000 -0.477079651261539E+002  0.274636216546220E-012  0.378689556145432E+003  0.879667113778906E-012  0.151645103723992E+002  0.181539238014339E-012  0.984807752998639E+000  0.000000000000000E+000 -0.173648177007717E+000  0.000000000000000E+000  0.100000000000000E+001  0.000000000000000E+000  0.173648177007717E+000  0.000000000000000E+000  0.984807752998639E+000 -0.236944745371473E+000  0.000000000000000E+000  0.417797513880567E-001
  0.506250000000000E+000 -0.457080738014627E+002  0.191700821883245E-012  0.371338052406499E+003 -0.139577386863707E-012  0.149772001606748E+002  0.219731386291940E-012  0.985396902025455E+000  0.000000000000000E+000 -0.170273148860788E+000  0.000000000000000E+000  0.100000000000000E+001  0.000000000000000E+000  0.170273148860788E+000  0.000000000000000E+000  0.985396902025455E+000 -0.237086494627324E+000  0.000000000000000E+000  0.409677196159057E-001
  0.512500000000000E+000 -0.437448055298568E+002 -0.180548284656190E-012  0.363986863341607E+003 -0.352983782835624E-012  0.147856090487252E+002 -0.196584618505066E-012  0.985973602867282E+000  0.000000000000000E+000 -0.166901330711423E+000  0.000000000000000E+000  0.100000000000000E+001  0.000000000000000E+000  0.166901330711423E+000  0.000000000000000E+000  0.985973602867282E+000 -0.237225248849868E+000  0.000000000000000E+000  0.401564601691683E-001
  0.518750000000000E+000 -0.418184363562019E+002 -0.300653599238920E-013  0.356626045198361E+003 -0.510940045821950E-012  0.145911448215727E+002 -0.113822935748677E-012  0.986537039629382E+000  0.000000000000000E+000 -0.163537974744791E+000  0.000000000000000E+000  0.100000000000000E+001  0.000000000000000E+000  0.163537974744791E+000  0.000000000000000E+000  0.986537039629382E+000 -0.237360811734829E+000  0.000000000000000E+000  0.393472367235966E-001
  0.525000000000000E+000 -0.399380146110916E+002  0.158997814914130E-012  0.349328077868464E+003  0.218518661827223E-012  0.143906956098958E+002  0.176227522657041E-012  0.987086469975150E+000  0.000000000000000E+000 -0.160188328339891E+000  0.000000000000000E+000  0.100000000000000E+001  0.000000000000000E+000  0.160188328339891E+000  0.000000000000000E+000  0.987086469975150E+000 -0.237493004676021E+000  0.000000000000000E+000  0.385413117985778E-001
  0.531250000000000E+000 -0.380970764209264E+002 -0.143757835496805E-012  0.342003751360285E+003 -0.188845306360443E-012  0.141919557228539E+002  0.492500827327390E-014  0.987621225535030E+000  0.000000000000000E+000 -0.156857625307213E+000  0.000000000000000E+000  0.100000000000000E+001  0.000000000000000E+000  0.156857625307213E+000  0.000000000000000E+000  0.987621225535030E+000 -0.237621666863728E+000  0.000000000000000E+000  0.377399446489154E-001
  0.537500000000000E+000 -0.363038503839134E+002  0.548003482869763E-013  0.334749661942131E+003 -0.153224921188550E-012  0.139873583188812E+002  0.829638741444154E-013  0.988140711873510E+000  0.000000000000000E+000 -0.153551077112620E+000  0.000000000000000E+000  0.100000000000000E+001  0.000000000000000E+000  0.153551077112620E+000  0.000000000000000E+000  0.988140711873510E+000 -0.237746655276766E+000  0.000000000000000E+000  0.369443891532963E-001
