 # Integral loads: N.components: 1
 #                 Ref.sys     : MomentRef
 #                 Components  : wing
 #  t , Fx , Fy , Fz , Mx , My , Mz , ref_mat(9) , ref_off(3) 
  0.000000000000000E+000  0.387220573231085E+002 -0.806663763563975E-013 -0.405640130002930E+002  0.358037818143364E-012  0.578218822848851E+001 -0.629915228051586E-013  0.100000000000000E+001  0.000000000000000E+000  0.000000000000000E+000  0.000000000000000E+000  0.100000000000000E+001  0.000000000000000E+000  0.000000000000000E+000  0.000000000000000E+000  0.100000000000000E+001 -0.240600000000000E+000  0.000000000000000E+000  0.000000000000000E+000
  0.625000000000000E-002  0.557698817565049E+001 -0.484540792905497E-013  0.340563803119551E+001 -0.778061475215866E-012  0.520064039402413E+000 -0.844202547022537E-013  0.999994131044214E+000  0.000000000000000E+000 -0.342605854104601E-002  0.000000000000000E+000  0.100000000000000E+001  0.000000000000000E+000  0.342605854104601E-002  0.000000000000000E+000  0.999994131044214E+000 -0.240598587929238E+000  0.000000000000000E+000  0.824309684975670E-003
  0.125000000000000E-001  0.553563392236838E+001 -0.345203466506350E-013  0.112178891918153E+002  0.738379479304701E-013  0.656752810547435E+000 -0.310828906318398E-013  0.999976560429563E+000  0.000000000000000E+000 -0.684679424696160E-002  0.000000000000000E+000  0.100000000000000E+001  0.000000000000000E+000  0.684679424696160E-002  0.000000000000000E+000  0.999976560429563E+000 -0.240594360439353E+000  0.000000000000000E+000  0.164733869581896E-002
  0.187500000000000E-001  0.546816900525570E+001 -0.141357411886922E-012  0.184316242464633E+002 -0.651895074804905E-012  0.883588510601563E+000 -0.410291080470318E-013  0.999947396688963E+000  0.000000000000000E+000 -0.102568930464345E-001  0.000000000000000E+000  0.100000000000000E+001  0.000000000000000E+000  0.102568930464345E-001  0.000000000000000E+000  0.999947396688963E+000 -0.240587343643364E+000  0.000000000000000E+000  0.246780846697214E-002
  0.250000000000000E-001  0.536965018676811E+001 -0.124104069035291E-012  0.256883591929415E+002 -0.337323791304371E-012  0.112199210559472E+001 -0.966023380840967E-013  0.999906819961368E+000  0.000000000000000E+000 -0.136510583745444E-001  0.000000000000000E+000  0.100000000000000E+001  0.000000000000000E+000  0.136510583745444E-001  0.000000000000000E+000  0.999906819961368E+000 -0.240577580882705E+000  0.000000000000000E+000  0.328444464491538E-002
  0.312500000000000E-001  0.523680488715578E+001 -0.210394635741240E-012  0.329623840594310E+002 -0.286995012791161E-012  0.136338121026004E+001 -0.110648066147861E-012  0.999855080872905E+000  0.000000000000000E+000 -0.170240198729885E-001  0.000000000000000E+000  0.100000000000000E+001  0.000000000000000E+000  0.170240198729885E-001  0.000000000000000E+000  0.999855080872905E+000 -0.240565132458021E+000  0.000000000000000E+000  0.409597918144102E-002
  0.375000000000000E-001  0.506877476987009E+001 -0.141713030199497E-012  0.402222129940299E+002  0.919603060554308E-013  0.160664389706751E+001 -0.988695618693574E-013  0.999792498980424E+000  0.000000000000000E+000 -0.203705420271346E-001  0.000000000000000E+000  0.100000000000000E+001  0.000000000000000E+000  0.203705420271346E-001  0.000000000000000E+000  0.999792498980424E+000 -0.240550075254690E+000  0.000000000000000E+000  0.490115241172857E-002
  0.437500000000000E-001  0.486693026066652E+001 -0.555740349572620E-013  0.474113128439973E+002 -0.542047751354002E-012  0.185235100255774E+001 -0.875516080426008E-013  0.999719460787320E+000  0.000000000000000E+000 -0.236854327194926E-001  0.000000000000000E+000  0.100000000000000E+001  0.000000000000000E+000  0.236854327194926E-001  0.000000000000000E+000  0.999719460787320E+000 -0.240532502265429E+000  0.000000000000000E+000  0.569871511230992E-002
  0.500000000000000E-001  0.463162087993486E+001 -0.159126834972656E-012  0.545376287965589E+002 -0.167287723503811E-012  0.209810374193763E+001 -0.518389517687855E-013  0.999636417344233E+000  0.000000000000000E+000 -0.269635516797402E-001  0.000000000000000E+000  0.100000000000000E+001  0.000000000000000E+000  0.269635516797402E-001  0.000000000000000E+000  0.999636417344233E+000 -0.240512522013023E+000  0.000000000000000E+000  0.648743053414550E-002
  0.562500000000000E-001  0.436409094646175E+001 -0.177161020228911E-012  0.615835361210704E+002  0.450186621819687E-013  0.234276541989545E+001 -0.586423292491714E-013  0.999543881449792E+000  0.000000000000000E+000 -0.301998188121072E-001  0.000000000000000E+000  0.100000000000000E+001  0.000000000000000E+000  0.301998188121072E-001  0.000000000000000E+000  0.999543881449792E+000 -0.240490257876820E+000  0.000000000000000E+000  0.726607640619299E-002
  0.625000000000000E-001  0.406647127889513E+001  0.752609780052538E-014  0.685298077090760E+002  0.230817314049259E-012  0.258732239203373E+001 -0.192976560214846E-013  0.999442424469136E+000  0.000000000000000E+000 -0.333892223817083E-001  0.000000000000000E+000  0.100000000000000E+001  0.000000000000000E+000  0.333892223817083E-001  0.000000000000000E+000  0.999442424469136E+000 -0.240465847327274E+000  0.000000000000000E+000  0.803344690503902E-002
  0.687500000000000E-001  0.373969986123143E+001  0.294933348576887E-013  0.753835873971046E+002  0.297068644139131E-012  0.283069639519312E+001 -0.833307296856628E-013  0.999332672790308E+000  0.000000000000000E+000 -0.365268270423030E-001  0.000000000000000E+000  0.100000000000000E+001  0.000000000000000E+000  0.365268270423030E-001  0.000000000000000E+000  0.999332672790308E+000 -0.240439441073348E+000  0.000000000000000E+000  0.878835458637810E-002
  0.750000000000000E-001  0.338674521058987E+001 -0.969409014867084E-013  0.820954876393148E+002  0.141031423408209E-012  0.307413130525722E+001 -0.353133171581208E-013  0.999215303940888E+000  0.000000000000000E+000 -0.396077816889469E-001  0.000000000000000E+000  0.100000000000000E+001  0.000000000000000E+000  0.396077816889469E-001  0.000000000000000E+000  0.999215303940888E+000 -0.240411202128178E+000  0.000000000000000E+000  0.952963227436063E-002
  0.812500000000000E-001  0.300973692238907E+001 -0.143160656940200E-012  0.886677090458468E+002  0.122208637548380E-012  0.331557233688043E+001 -0.106578377600067E-012  0.999091042389330E+000  0.000000000000000E+000 -0.426273271200671E-001  0.000000000000000E+000  0.100000000000000E+001  0.000000000000000E+000  0.426273271200671E-001  0.000000000000000E+000  0.999091042389330E+000 -0.240381304798873E+000  0.000000000000000E+000  0.102561349050881E-001
  0.875000000000000E-001  0.261023659965956E+001 -0.747847964110981E-013  0.951147178223089E+002  0.128015978171720E-013  0.355312592780427E+001  0.527301202858631E-014  0.998960655057437E+000  0.000000000000000E+000 -0.455808034946315E-001  0.000000000000000E+000  0.100000000000000E+001  0.000000000000000E+000  0.455808034946315E-001  0.000000000000000E+000  0.998960655057437E+000 -0.240349933606819E+000  0.000000000000000E+000  0.109667413208083E-001
  0.937500000000000E-001  0.218902361709806E+001 -0.106986901976525E-012  0.101432353815499E+003  0.937380594526435E-012  0.378500410057116E+001 -0.312544218501299E-013  0.998824946572128E+000  0.000000000000000E+000 -0.484636575712795E-001  0.000000000000000E+000  0.100000000000000E+001  0.000000000000000E+000  0.484636575712795E-001  0.000000000000000E+000  0.998824946572128E+000 -0.240317282145254E+000  0.000000000000000E+000  0.116603560116499E-001
  0.100000000000000E+000  0.174571211030166E+001 -0.288263336811756E-013  0.107661083295290E+003  0.637204873554617E-012  0.400838958968040E+001 -0.537617115443803E-013  0.998684754286288E+000  0.000000000000000E+000 -0.512714497175149E-001  0.000000000000000E+000  0.100000000000000E+001  0.000000000000000E+000  0.512714497175149E-001  0.000000000000000E+000  0.998684754286288E+000 -0.240283551881281E+000  0.000000000000000E+000  0.123359108020341E-001
  0.106250000000000E+000  0.127864356443942E+001 -0.788626976222506E-014  0.113902806673529E+003 -0.196114235222469E-013  0.422131068101955E+001 -0.473606107928965E-013  0.998540943099841E+000  0.000000000000000E+000 -0.539998606783319E-001  0.000000000000000E+000  0.100000000000000E+001  0.000000000000000E+000  0.539998606783319E-001  0.000000000000000E+000  0.998540943099841E+000 -0.240248950909822E+000  0.000000000000000E+000  0.129923664792067E-001
  0.112500000000000E+000  0.797319345629707E+000 -0.392672006022110E-013  0.119931037890339E+003  0.473747063165111E-012  0.443707231579475E+001 -0.203379636243301E-013  0.998394400113370E+000  0.000000000000000E+000 -0.566446980949204E-001  0.000000000000000E+000  0.100000000000000E+001  0.000000000000000E+000  0.566446980949204E-001  0.000000000000000E+000  0.998394400113370E+000 -0.240213692667277E+000  0.000000000000000E+000  0.136287143616378E-001
  0.118750000000000E+000  0.306296823513013E+000 -0.581409920208387E-013  0.125733269501288E+003  0.336315948697281E-013  0.465526918929762E+001 -0.687505584541772E-013  0.998246029147604E+000  0.000000000000000E+000 -0.592019027653755E-001  0.000000000000000E+000  0.100000000000000E+001  0.000000000000000E+000  0.592019027653755E-001  0.000000000000000E+000  0.998246029147604E+000 -0.240177994612914E+000  0.000000000000000E+000  0.142439778053493E-001
  0.125000000000000E+000 -0.189255290623082E+000 -0.270016214248825E-013  0.131271328394465E+003 -0.250393076194669E-012  0.487425403372133E+001 -0.961615048549985E-013  0.998096745162837E+000  0.000000000000000E+000 -0.616675546405995E-001  0.000000000000000E+000  0.100000000000000E+001  0.000000000000000E+000  0.616675546405995E-001  0.000000000000000E+000  0.998096745162837E+000 -0.240142076886179E+000  0.000000000000000E+000  0.148372136465282E-001
  0.131250000000000E+000 -0.686737481991562E+000 -0.709746931365496E-013  0.136568527304495E+003  0.130960117553002E-012  0.508923149262562E+001 -0.612053520371412E-013  0.997947468612872E+000  0.000000000000000E+000 -0.640378785498139E-001  0.000000000000000E+000  0.100000000000000E+001  0.000000000000000E+000  0.640378785498139E-001  0.000000000000000E+000  0.997947468612872E+000 -0.240106160948257E+000  0.000000000000000E+000  0.154075135790852E-001
  0.137500000000000E+000 -0.118395870590211E+001 -0.528338223865221E-013  0.141635732827030E+003 -0.575865923649619E-012  0.529937122252697E+001 -0.643696602332094E-013  0.997799119768445E+000  0.000000000000000E+000 -0.663092496512910E-001  0.000000000000000E+000  0.100000000000000E+001  0.000000000000000E+000  0.663092496512910E-001  0.000000000000000E+000  0.997799119768445E+000 -0.240070468216288E+000  0.000000000000000E+000  0.159540054661006E-001
  0.143750000000000E+000 -0.167821083162806E+001 -0.102535167856299E-013  0.146467558709220E+003 -0.108936502610170E-012  0.550419175619476E+001 -0.604633928229925E-013  0.997652613045146E+000  0.000000000000000E+000 -0.684781986050486E-001  0.000000000000000E+000  0.100000000000000E+001  0.000000000000000E+000  0.684781986050486E-001  0.000000000000000E+000  0.997652613045146E+000 -0.240035218698662E+000  0.000000000000000E+000  0.164758545843747E-001
  0.150000000000000E+000 -0.216664424858328E+001 -0.520649062057954E-013  0.151057898798999E+003  0.411413002428609E-012  0.570342502708245E+001  0.995615160451145E-014  0.997508851370787E+000  0.000000000000000E+000 -0.705414164653163E-001  0.000000000000000E+000  0.100000000000000E+001  0.000000000000000E+000  0.705414164653163E-001  0.000000000000000E+000  0.997508851370787E+000 -0.240000629639811E+000  0.000000000000000E+000  0.169722648015551E-001
  0.156250000000000E+000 -0.264549733925691E+001 -0.175055282769510E-013  0.155390651202545E+003  0.830897144002338E-013  0.589766241294562E+001 -0.329599119417597E-013  0.997368720626799E+000  0.000000000000000E+000 -0.724957592915752E-001  0.000000000000000E+000  0.100000000000000E+001  0.000000000000000E+000  0.724957592915752E-001  0.000000000000000E+000  0.997368720626799E+000 -0.239966914182808E+000  0.000000000000000E+000  0.174424796855530E-001
  0.162500000000000E+000 -0.311384976886270E+001 -0.147508741332736E-012  0.159491458454048E+003  0.978062886721281E-014  0.608373904254826E+001 -0.630070949474626E-013  0.997233084197739E+000  0.000000000000000E+000 -0.743382524778740E-001  0.000000000000000E+000  0.100000000000000E+001  0.000000000000000E+000  0.743382524778740E-001  0.000000000000000E+000  0.997233084197739E+000 -0.239934280057976E+000  0.000000000000000E+000  0.178857835461765E-001
  0.168750000000000E+000 -0.356757893951405E+001 -0.618814895159137E-013  0.163326459614584E+003  0.530635754810980E-013  0.626468662030101E+001 -0.573659268442915E-013  0.997102777662230E+000  0.000000000000000E+000 -0.760660948009338E-001  0.000000000000000E+000  0.100000000000000E+001  0.000000000000000E+000  0.760660948009338E-001  0.000000000000000E+000  0.997102777662230E+000 -0.239902928305533E+000  0.000000000000000E+000  0.183015024091047E-001
  0.175000000000000E+000 -0.400332877736843E+001 -0.108071754670314E-012  0.166887523473624E+003 -0.347752831507406E-012  0.644008387905945E+001 -0.484914446170190E-013  0.996978603657717E+000  0.000000000000000E+000 -0.776766621882652E-001  0.000000000000000E+000  0.100000000000000E+001  0.000000000000000E+000  0.776766621882652E-001  0.000000000000000E+000  0.996978603657717E+000 -0.239873052040047E+000  0.000000000000000E+000  0.186890049224966E-001
  0.181250000000000E+000 -0.441983700915956E+001 -0.621085214508321E-013  0.170193040641510E+003 -0.135017547144658E-012  0.660808678397503E+001 -0.452478266541072E-013  0.996861326950299E+000  0.000000000000000E+000 -0.791675112081215E-001  0.000000000000000E+000  0.100000000000000E+001  0.000000000000000E+000  0.791675112081215E-001  0.000000000000000E+000  0.996861326950299E+000 -0.239844835264242E+000  0.000000000000000E+000  0.190477031966740E-001
  0.187500000000000E+000 -0.481323763387193E+001 -0.277167611778539E-013  0.173210604719762E+003  0.240549684742649E-012  0.677035655383855E+001 -0.501661001459518E-013  0.996751669739594E+000  0.000000000000000E+000 -0.805363822836098E-001  0.000000000000000E+000  0.100000000000000E+001  0.000000000000000E+000  0.805363822836098E-001  0.000000000000000E+000  0.996751669739594E+000 -0.239818451739346E+000  0.000000000000000E+000  0.193770535774365E-001
  0.193750000000000E+000 -0.518176874501920E+001  0.129336645560141E-012  0.175953538381387E+003  0.257862775044711E-012  0.692535448346525E+001 -0.489958829808873E-013  0.996650307227059E+000  0.000000000000000E+000 -0.817812026336645E-001  0.000000000000000E+000  0.100000000000000E+001  0.000000000000000E+000  0.817812026336645E-001  0.000000000000000E+000  0.996650307227059E+000 -0.239794063918830E+000  0.000000000000000E+000  0.196765573536597E-001
  0.200000000000000E+000 -0.552299595216168E+001  0.641947432711287E-013  0.178412697093340E+003  0.670989417470707E-012  0.707315981032338E+001 -0.416729087649808E-014  0.996557863474620E+000  0.000000000000000E+000 -0.829000889438659E-001  0.000000000000000E+000  0.100000000000000E+001  0.000000000000000E+000  0.829000889438659E-001  0.000000000000000E+000  0.996557863474620E+000 -0.239771821951994E+000  0.000000000000000E+000  0.199457613998941E-001
  0.206250000000000E+000 -0.583436250034892E+001 -0.381639164714898E-015  0.180579052953820E+003 -0.111743733789811E-012  0.721396563877068E+001 -0.854413710508405E-014  0.996474907578573E+000  0.000000000000000E+000 -0.838913497702485E-001  0.000000000000000E+000  0.100000000000000E+001  0.000000000000000E+000  0.838913497702485E-001  0.000000000000000E+000  0.996474907578573E+000 -0.239751862763405E+000  0.000000000000000E+000  0.201842587547218E-001
  0.212500000000000E+000 -0.611462725960527E+001 -0.209912382614919E-013  0.182460767367978E+003 -0.519527113132511E-013  0.734674849337246E+001 -0.223828015789084E-013  0.996401950181849E+000  0.000000000000000E+000 -0.847534876793123E-001  0.000000000000000E+000  0.100000000000000E+001  0.000000000000000E+000  0.847534876793123E-001  0.000000000000000E+000  0.996401950181849E+000 -0.239734309213753E+000  0.000000000000000E+000  0.203916891356426E-001
  0.218750000000000E+000 -0.636215592266262E+001  0.550195739662529E-013  0.184053894464469E+003  0.941233021999127E-012  0.747154072686450E+001  0.810441737591379E-013  0.996339440345612E+000  0.000000000000000E+000 -0.854852011274048E-001  0.000000000000000E+000  0.100000000000000E+001  0.000000000000000E+000  0.854852011274048E-001  0.000000000000000E+000  0.996339440345612E+000 -0.239719269347154E+000  0.000000000000000E+000  0.205677393912536E-001
  0.225000000000000E+000 -0.657357061435230E+001  0.285479105632813E-013  0.185329886040387E+003  0.169646926734205E-012  0.758994301896418E+001 -0.329322436811812E-013  0.996287762798994E+000  0.000000000000000E+000 -0.860853860825152E-001  0.000000000000000E+000  0.100000000000000E+001  0.000000000000000E+000  0.860853860825152E-001  0.000000000000000E+000  0.996287762798994E+000 -0.239706835729438E+000  0.000000000000000E+000  0.207121438914532E-001
  0.231250000000000E+000 -0.674928143729292E+001  0.373867603542521E-013  0.186321776445607E+003  0.725809849118906E-012  0.769926112134615E+001  0.440683624858978E-013  0.996247235583478E+000  0.000000000000000E+000 -0.865531373913017E-001  0.000000000000000E+000  0.100000000000000E+001  0.000000000000000E+000  0.865531373913017E-001  0.000000000000000E+000  0.996247235583478E+000 -0.239697084881385E+000  0.000000000000000E+000  0.208246848563472E-001
  0.237500000000000E+000 -0.688811657917085E+001  0.888091683526326E-014  0.187018931336781E+003  0.350606754898838E-012  0.780008856151971E+001 -0.369788097883578E-013  0.996218108106041E+000  0.000000000000000E+000 -0.868877498938738E-001  0.000000000000000E+000  0.100000000000000E+001  0.000000000000000E+000  0.868877498938738E-001  0.000000000000000E+000  0.996218108106041E+000 -0.239690076810313E+000  0.000000000000000E+000  0.209051926244660E-001
  0.243750000000000E+000 -0.698901455990573E+001  0.817985002649069E-013  0.187416947184915E+003  0.313462583096021E-012  0.789262915303453E+001  0.700986417438373E-013  0.996200559612717E+000  0.000000000000000E+000 -0.870887192884944E-001  0.000000000000000E+000  0.100000000000000E+001  0.000000000000000E+000  0.870887192884944E-001  0.000000000000000E+000  0.996200559612717E+000 -0.239685854642820E+000  0.000000000000000E+000  0.209535458608118E-001
  0.250000000000000E+000 -0.705172619164662E+001 -0.522832645233340E-013  0.187522073081762E+003  0.664030622013092E-012  0.797642366829256E+001  0.586071085127274E-013  0.996194698091721E+000  0.000000000000000E+000 -0.871557427479406E-001  0.000000000000000E+000  0.100000000000000E+001  0.000000000000000E+000  0.871557427479406E-001  0.000000000000000E+000  0.996194698091721E+000 -0.239684444360868E+000  0.000000000000000E+000  0.209696717051545E-001
  0.256250000000000E+000 -0.707534398315516E+001  0.151658199887272E-014  0.187324878301436E+003  0.150772637067161E-012  0.805180307921412E+001 -0.106822073780808E-013  0.996200559612690E+000  0.000000000000000E+000 -0.870887192888009E-001  0.000000000000000E+000  0.100000000000000E+001  0.000000000000000E+000  0.870887192888009E-001  0.000000000000000E+000  0.996200559612690E+000 -0.239685854642813E+000  0.000000000000000E+000  0.209535458608855E-001
  0.262500000000000E+000 -0.706003704559479E+001 -0.131934393965416E-013  0.186833064647610E+003  0.101541839237766E-011  0.811833675961678E+001  0.353357628601176E-013  0.996218108105988E+000  0.000000000000000E+000 -0.868877498944863E-001  0.000000000000000E+000  0.100000000000000E+001  0.000000000000000E+000  0.868877498944863E-001  0.000000000000000E+000  0.996218108105988E+000 -0.239690076810301E+000  0.000000000000000E+000  0.209051926246134E-001
  0.268750000000000E+000 -0.700604137216272E+001  0.917928927313127E-013  0.186048321133385E+003  0.450472641406314E-012  0.817592152699751E+001  0.171606003839134E-013  0.996247235583399E+000  0.000000000000000E+000 -0.865531373922193E-001  0.000000000000000E+000  0.100000000000000E+001  0.000000000000000E+000  0.865531373922193E-001  0.000000000000000E+000  0.996247235583399E+000 -0.239697084881366E+000  0.000000000000000E+000  0.208246848565680E-001
  0.275000000000000E+000 -0.691146435413358E+001  0.143877965097516E-013  0.184941462398185E+003  0.125316577556706E-012  0.822504060538166E+001  0.108430314360945E-013  0.996287762798888E+000  0.000000000000000E+000 -0.860853860837365E-001  0.000000000000000E+000  0.100000000000000E+001  0.000000000000000E+000  0.860853860837365E-001  0.000000000000000E+000  0.996287762798888E+000 -0.239706835729413E+000  0.000000000000000E+000  0.207121438917470E-001
  0.281250000000000E+000 -0.677946804046026E+001 -0.670036942596042E-014  0.183560567960120E+003  0.762688031886413E-012  0.826434606968766E+001  0.616731754659476E-013  0.996339440345481E+000  0.000000000000000E+000 -0.854852011289279E-001  0.000000000000000E+000  0.100000000000000E+001  0.000000000000000E+000  0.854852011289279E-001  0.000000000000000E+000  0.996339440345481E+000 -0.239719269347123E+000  0.000000000000000E+000  0.205677393916200E-001
  0.287500000000000E+000 -0.661157368508647E+001  0.553051528184856E-013  0.181905435672268E+003  0.906766154676138E-012  0.829421115828835E+001  0.900720458294258E-013  0.996401950181694E+000  0.000000000000000E+000 -0.847534876811350E-001  0.000000000000000E+000  0.100000000000000E+001  0.000000000000000E+000  0.847534876811350E-001  0.000000000000000E+000  0.996401950181694E+000 -0.239734309213716E+000  0.000000000000000E+000  0.203916891360811E-001
  0.293750000000000E+000 -0.640768328887189E+001 -0.664828435359421E-013  0.179959099402596E+003  0.370730493136830E-012  0.831521601696292E+001 -0.217684940267012E-013  0.996474907578395E+000  0.000000000000000E+000 -0.838913497723680E-001  0.000000000000000E+000  0.100000000000000E+001  0.000000000000000E+000  0.838913497723680E-001  0.000000000000000E+000  0.996474907578395E+000 -0.239751862763362E+000  0.000000000000000E+000  0.201842587552318E-001
  0.300000000000000E+000 -0.616855003439834E+001 -0.694919382454584E-013  0.177722654467528E+003  0.395858289687940E-012  0.832727412559064E+001 -0.688821134989029E-013  0.996557863474419E+000  0.000000000000000E+000 -0.829000889462789E-001  0.000000000000000E+000  0.100000000000000E+001  0.000000000000000E+000  0.829000889462789E-001  0.000000000000000E+000  0.996557863474419E+000 -0.239771821951945E+000  0.000000000000000E+000  0.199457614004747E-001
  0.306250000000000E+000 -0.589563518349935E+001  0.156929590849897E-013  0.175204008153344E+003  0.108668021930825E-012  0.833004052375077E+001 -0.338118760668274E-013  0.996650307226837E+000  0.000000000000000E+000 -0.817812026363676E-001  0.000000000000000E+000  0.100000000000000E+001  0.000000000000000E+000  0.817812026363676E-001  0.000000000000000E+000  0.996650307226837E+000 -0.239794063918777E+000  0.000000000000000E+000  0.196765573543100E-001
  0.312500000000000E+000 -0.559002601414291E+001  0.360312907982108E-013  0.172400132449660E+003  0.784982404563567E-012  0.832390071301383E+001  0.962144781306294E-013  0.996751669739352E+000  0.000000000000000E+000 -0.805363822865987E-001  0.000000000000000E+000  0.100000000000000E+001  0.000000000000000E+000  0.805363822865987E-001  0.000000000000000E+000  0.996751669739352E+000 -0.239818451739288E+000  0.000000000000000E+000  0.193770535781556E-001
  0.318750000000000E+000 -0.525450683198076E+001 -0.164408634276136E-012  0.169328188245113E+003  0.159625400263400E-012  0.830794669262348E+001 -0.453502134475226E-014  0.996861326950040E+000  0.000000000000000E+000 -0.791675112113918E-001  0.000000000000000E+000  0.100000000000000E+001  0.000000000000000E+000  0.791675112113918E-001  0.000000000000000E+000  0.996861326950040E+000 -0.239844835264180E+000  0.000000000000000E+000  0.190477031974609E-001
  0.325000000000000E+000 -0.489064410166349E+001  0.123550475406020E-012  0.165984825128437E+003  0.687144650949749E-012  0.828285046315519E+001  0.278909579941342E-013  0.996978603657440E+000  0.000000000000000E+000 -0.776766621918119E-001  0.000000000000000E+000  0.100000000000000E+001  0.000000000000000E+000  0.776766621918119E-001  0.000000000000000E+000  0.996978603657440E+000 -0.239873052039980E+000  0.000000000000000E+000  0.186890049233499E-001
  0.331250000000000E+000 -0.450086842238504E+001  0.226153731158751E-013  0.162378304253358E+003 -0.366741100831292E-014  0.824806053322263E+001 -0.649273389533833E-013  0.997102777661939E+000  0.000000000000000E+000 -0.760660948047515E-001  0.000000000000000E+000  0.100000000000000E+001  0.000000000000000E+000  0.760660948047515E-001  0.000000000000000E+000  0.997102777661939E+000 -0.239902928305463E+000  0.000000000000000E+000  0.183015024100232E-001
  0.337500000000000E+000 -0.408721930548096E+001  0.586553375314658E-013  0.158509896601166E+003 -0.666886884554399E-013  0.820435401223722E+001  0.386563029529164E-013  0.997233084197435E+000  0.000000000000000E+000 -0.743382524819569E-001  0.000000000000000E+000  0.100000000000000E+001  0.000000000000000E+000  0.743382524819569E-001  0.000000000000000E+000  0.997233084197435E+000 -0.239934280057903E+000  0.000000000000000E+000  0.178857835471588E-001
  0.343750000000000E+000 -0.365132735122322E+001 -0.374505114419943E-014  0.154372760529129E+003  0.606754569246411E-012  0.815177472273162E+001 -0.321684965459704E-013  0.997368720626484E+000  0.000000000000000E+000 -0.724957592959172E-001  0.000000000000000E+000  0.100000000000000E+001  0.000000000000000E+000  0.724957592959172E-001  0.000000000000000E+000  0.997368720626484E+000 -0.239966914182732E+000  0.000000000000000E+000  0.174424796865977E-001
  0.350000000000000E+000 -0.319720220040879E+001 -0.175460774382019E-013  0.149999595959770E+003  0.541954179886540E-012  0.808922618152758E+001  0.232994882251861E-013  0.997508851370462E+000  0.000000000000000E+000 -0.705414164699106E-001  0.000000000000000E+000  0.100000000000000E+001  0.000000000000000E+000  0.705414164699106E-001  0.000000000000000E+000  0.997508851370462E+000 -0.240000629639733E+000  0.000000000000000E+000  0.169722648026605E-001
  0.356250000000000E+000 -0.272758937996134E+001 -0.201470784499946E-013  0.145390418922063E+003 -0.134194595432667E-012  0.801717267929108E+001 -0.575217702275884E-013  0.997652613044814E+000  0.000000000000000E+000 -0.684781986098884E-001  0.000000000000000E+000  0.100000000000000E+001  0.000000000000000E+000  0.684781986098884E-001  0.000000000000000E+000  0.997652613044814E+000 -0.240035218698582E+000  0.000000000000000E+000  0.164758545855391E-001
  0.362500000000000E+000 -0.224232137885978E+001 -0.613953332617712E-013  0.140500586958609E+003  0.279958924864203E-012  0.793990028570716E+001 -0.303375372968640E-013  0.997799119768107E+000  0.000000000000000E+000 -0.663092496563688E-001  0.000000000000000E+000  0.100000000000000E+001  0.000000000000000E+000  0.663092496563688E-001  0.000000000000000E+000  0.997799119768107E+000 -0.240070468216207E+000  0.000000000000000E+000  0.159540054673223E-001
  0.368750000000000E+000 -0.174761879723969E+001  0.937338314604963E-013  0.135405613943094E+003  0.849284213625154E-012  0.785058729971780E+001  0.286292923432102E-013  0.997947468612531E+000  0.000000000000000E+000 -0.640378785551220E-001  0.000000000000000E+000  0.100000000000000E+001  0.000000000000000E+000  0.640378785551220E-001  0.000000000000000E+000  0.997947468612531E+000 -0.240106160948175E+000  0.000000000000000E+000  0.154075135803624E-001
  0.375000000000000E+000 -0.124654977269020E+001 -0.276102925245159E-014  0.130102084733927E+003 -0.148447870678495E-012  0.775133468068961E+001 -0.439816008294400E-013  0.998096745162495E+000  0.000000000000000E+000 -0.616675546461298E-001  0.000000000000000E+000  0.100000000000000E+001  0.000000000000000E+000  0.616675546461298E-001  0.000000000000000E+000  0.998096745162495E+000 -0.240142076886096E+000  0.000000000000000E+000  0.148372136478588E-001
  0.381250000000000E+000 -0.741393021896755E+000 -0.211009595213474E-013  0.124588672719260E+003 -0.607735087458555E-013  0.764381430555898E+001 -0.155271877795163E-013  0.998246029147263E+000  0.000000000000000E+000 -0.592019027711194E-001  0.000000000000000E+000  0.100000000000000E+001  0.000000000000000E+000  0.592019027711194E-001  0.000000000000000E+000  0.998246029147263E+000 -0.240177994612832E+000  0.000000000000000E+000  0.142439778067313E-001
  0.387500000000000E+000 -0.234492603738602E+000 -0.150862178652234E-012  0.118856287070668E+003  0.320511743854693E-012  0.752898709678448E+001 -0.522390950022837E-013  0.998394400113032E+000  0.000000000000000E+000 -0.566446981008693E-001  0.000000000000000E+000  0.100000000000000E+001  0.000000000000000E+000  0.566446981008693E-001  0.000000000000000E+000  0.998394400113032E+000 -0.240213692667196E+000  0.000000000000000E+000  0.136287143630691E-001
  0.393750000000000E+000  0.270005970058153E+000 -0.132923403187157E-012  0.112944094132644E+003  0.254939121613766E-013  0.740433200275119E+001 -0.579462464153932E-013  0.998540943099509E+000  0.000000000000000E+000 -0.539998606844766E-001  0.000000000000000E+000  0.100000000000000E+001  0.000000000000000E+000  0.539998606844766E-001  0.000000000000000E+000  0.998540943099509E+000 -0.240248950909742E+000  0.000000000000000E+000  0.129923664806851E-001
  0.400000000000000E+000  0.771469157871567E+000 -0.776381996886455E-013  0.106801510325389E+003 -0.105817319050137E-012  0.727468957664604E+001 -0.617877708584411E-013  0.998684754285963E+000  0.000000000000000E+000 -0.512714497238460E-001  0.000000000000000E+000  0.100000000000000E+001  0.000000000000000E+000  0.512714497238460E-001  0.000000000000000E+000  0.998684754285963E+000 -0.240283551881203E+000  0.000000000000000E+000  0.123359108035573E-001
  0.406250000000000E+000  0.126288246447450E+001 -0.503906812110433E-013  0.100540586643056E+003  0.391927072615625E-012  0.713233796466015E+001 -0.614801250658701E-013  0.998824946571812E+000  0.000000000000000E+000 -0.484636575777872E-001  0.000000000000000E+000  0.100000000000000E+001  0.000000000000000E+000  0.484636575777872E-001  0.000000000000000E+000  0.998824946571812E+000 -0.240317282145178E+000  0.000000000000000E+000  0.116603560132156E-001
  0.412500000000000E+000  0.174319570018383E+001 -0.404739176201874E-013  0.941082417291613E+002 -0.639316529650268E-013  0.698246953261842E+001 -0.820426524314033E-013  0.998960655057132E+000  0.000000000000000E+000 -0.455808035013058E-001  0.000000000000000E+000  0.100000000000000E+001  0.000000000000000E+000  0.455808035013058E-001  0.000000000000000E+000  0.998960655057132E+000 -0.240349933606746E+000  0.000000000000000E+000  0.109667413224142E-001
  0.418750000000000E+000  0.220872696747243E+001 -0.936364701054071E-013  0.875463534076371E+002 -0.649721544148412E-012  0.682291814291397E+001 -0.689159331354696E-013  0.999091042389039E+000  0.000000000000000E+000 -0.426273271268977E-001  0.000000000000000E+000  0.100000000000000E+001  0.000000000000000E+000  0.426273271268977E-001  0.000000000000000E+000  0.999091042389039E+000 -0.240381304798803E+000  0.000000000000000E+000  0.102561349067316E-001
  0.425000000000000E+000  0.265972595328889E+001 -0.678435172624114E-013  0.807877088572300E+002  0.110317169363208E-012  0.666150587051227E+001 -0.353716332058208E-013  0.999215303940611E+000  0.000000000000000E+000 -0.396077816959233E-001  0.000000000000000E+000  0.100000000000000E+001  0.000000000000000E+000  0.396077816959233E-001  0.000000000000000E+000  0.999215303940611E+000 -0.240411202128111E+000  0.000000000000000E+000  0.952963227603914E-002
  0.431250000000000E+000  0.309276422961572E+001  0.137973400066160E-013  0.738700542283210E+002  0.196640325699869E-012  0.649472935469169E+001  0.247978613980509E-014  0.999332672790049E+000  0.000000000000000E+000 -0.365268270494144E-001  0.000000000000000E+000  0.100000000000000E+001  0.000000000000000E+000  0.365268270494144E-001  0.000000000000000E+000  0.999332672790049E+000 -0.240439441073286E+000  0.000000000000000E+000  0.878835458808910E-002
  0.437500000000000E+000  0.350489095319362E+001  0.540962673961642E-013  0.667916224339455E+002  0.913070487067641E-013  0.632318053323613E+001  0.233369440059056E-014  0.999442424468894E+000  0.000000000000000E+000 -0.333892223889437E-001  0.000000000000000E+000  0.100000000000000E+001  0.000000000000000E+000  0.333892223889437E-001  0.000000000000000E+000  0.999442424468894E+000 -0.240465847327216E+000  0.000000000000000E+000  0.803344690677985E-002
  0.443750000000000E+000  0.389347746039467E+001 -0.971820280498692E-013  0.595890632054392E+002 -0.505134833490982E-013  0.614517268731361E+001 -0.436981258349586E-013  0.999543881449570E+000  0.000000000000000E+000 -0.301998188194554E-001  0.000000000000000E+000  0.100000000000000E+001  0.000000000000000E+000  0.301998188194554E-001  0.000000000000000E+000  0.999543881449570E+000 -0.240490257876767E+000  0.000000000000000E+000  0.726607640796098E-002
  0.450000000000000E+000  0.425580294488888E+001  0.785632409822101E-013  0.522711151648183E+002 -0.420694527834381E-013  0.595806153109130E+001 -0.250703352774864E-013  0.999636417344032E+000  0.000000000000000E+000 -0.269635516871899E-001  0.000000000000000E+000  0.100000000000000E+001  0.000000000000000E+000  0.269635516871899E-001  0.000000000000000E+000  0.999636417344032E+000 -0.240512522012974E+000  0.000000000000000E+000  0.648743053593789E-002
  0.456250000000000E+000  0.458314191254002E+001 -0.101734809812570E-012  0.450004344522273E+002 -0.368552160224998E-012  0.575260265733210E+001 -0.681130483710928E-013  0.999719460787142E+000  0.000000000000000E+000 -0.236854327270322E-001  0.000000000000000E+000  0.100000000000000E+001  0.000000000000000E+000  0.236854327270322E-001  0.000000000000000E+000  0.999719460787142E+000 -0.240532502265386E+000  0.000000000000000E+000  0.569871511412395E-002
  0.462500000000000E+000  0.487896027757340E+001 -0.904987890182340E-013  0.376839650675220E+002  0.714337739129885E-012  0.554204561276088E+001 -0.691692029072829E-014  0.999792498980269E+000  0.000000000000000E+000 -0.203705420347524E-001  0.000000000000000E+000  0.100000000000000E+001  0.000000000000000E+000  0.203705420347524E-001  0.000000000000000E+000  0.999792498980269E+000 -0.240550075254653E+000  0.000000000000000E+000  0.490115241356142E-002
  0.468750000000000E+000  0.514357971977065E+001 -0.858221913674351E-013  0.302818963590419E+002  0.583254697585890E-013  0.532879473052045E+001 -0.292420045242503E-013  0.999855080872775E+000  0.000000000000000E+000 -0.170240198806727E-001  0.000000000000000E+000  0.100000000000000E+001  0.000000000000000E+000  0.170240198806727E-001  0.000000000000000E+000  0.999855080872775E+000 -0.240565132457990E+000  0.000000000000000E+000  0.409597918328985E-002
  0.475000000000000E+000  0.537382662027733E+001 -0.706470472400245E-013  0.228127660834353E+002  0.375204091299627E-013  0.511283376470618E+001 -0.386029128956008E-013  0.999906819961262E+000  0.000000000000000E+000 -0.136510583822831E-001  0.000000000000000E+000  0.100000000000000E+001  0.000000000000000E+000  0.136510583822831E-001  0.000000000000000E+000  0.999906819961262E+000 -0.240577580882680E+000  0.000000000000000E+000  0.328444464677732E-002
  0.481250000000000E+000  0.556891447503432E+001 -0.123344260152813E-012  0.153090969440811E+002  0.135625877093725E-012  0.489268189938811E+001 -0.788781351616560E-013  0.999947396688883E+000  0.000000000000000E+000 -0.102568930542157E-001  0.000000000000000E+000  0.100000000000000E+001  0.000000000000000E+000  0.102568930542157E-001  0.000000000000000E+000  0.999947396688883E+000 -0.240587343643345E+000  0.000000000000000E+000  0.246780846884430E-002
  0.487500000000000E+000  0.572797435851124E+001 -0.105188861093675E-012  0.777646370596856E+001  0.497272857679859E-012  0.466840415093602E+001 -0.109747907170069E-013  0.999976560429510E+000  0.000000000000000E+000 -0.684679425477315E-002  0.000000000000000E+000  0.100000000000000E+001  0.000000000000000E+000  0.684679425477315E-002  0.000000000000000E+000  0.999976560429510E+000 -0.240594360439340E+000  0.000000000000000E+000  0.164733869769842E-002
  0.493750000000000E+000  0.585050526847238E+001 -0.473893927571689E-013  0.194108761497561E+000  0.288204661674163E-012  0.444221160482780E+001 -0.550388202931493E-013  0.999994131044188E+000  0.000000000000000E+000 -0.342605854887586E-002  0.000000000000000E+000  0.100000000000000E+001  0.000000000000000E+000  0.342605854887586E-002  0.000000000000000E+000  0.999994131044188E+000 -0.240598587929232E+000  0.000000000000000E+000  0.824309686859531E-003
  0.500000000000000E+000  0.593594843240846E+001  0.979251402188908E-015 -0.742144847241669E+001 -0.450924020343676E-013  0.421459746693545E+001 -0.221391373119642E-013  0.100000000000000E+001  0.000000000000000E+000 -0.783593356289990E-011  0.000000000000000E+000  0.100000000000000E+001  0.000000000000000E+000  0.783593356289990E-011  0.000000000000000E+000  0.100000000000000E+001 -0.240600000000000E+000  0.000000000000000E+000  0.188532561523372E-011
  0.506250000000000E+000  0.598317299935173E+001 -0.500420017923719E-013 -0.150606530556695E+002 -0.659079608303744E-012  0.398441346897162E+001 -0.683786425285926E-013  0.999994131044241E+000  0.000000000000000E+000  0.342605853321616E-002  0.000000000000000E+000  0.100000000000000E+001  0.000000000000000E+000 -0.342605853321616E-002  0.000000000000000E+000  0.999994131044241E+000 -0.240598587929244E+000  0.000000000000000E+000 -0.824309683091809E-003
  0.512500000000000E+000  0.599128355630737E+001 -0.558901883107588E-013 -0.226637871564262E+002 -0.346661095636936E-012  0.374856051956121E+001 -0.118721258352547E-012  0.999976560429617E+000  0.000000000000000E+000  0.684679423915004E-002  0.000000000000000E+000  0.100000000000000E+001  0.000000000000000E+000 -0.684679423915004E-002  0.000000000000000E+000  0.999976560429617E+000 -0.240594360439366E+000  0.000000000000000E+000 -0.164733869393950E-002
  0.518750000000000E+000  0.596083886158683E+001  0.412467369287350E-013 -0.302535095783227E+002 -0.248663672873237E-012  0.351126412681061E+001  0.265433012638748E-013  0.999947396689043E+000  0.000000000000000E+000  0.102568930386533E-001  0.000000000000000E+000  0.100000000000000E+001  0.000000000000000E+000 -0.102568930386533E-001  0.000000000000000E+000  0.999947396689043E+000 -0.240587343643384E+000  0.000000000000000E+000 -0.246780846509999E-002
  0.525000000000000E+000  0.589189913768989E+001 -0.503694308484626E-013 -0.378000364496827E+002 -0.117248673377063E-012  0.327137316824836E+001 -0.427243234440585E-013  0.999906819961473E+000  0.000000000000000E+000  0.136510583668057E-001  0.000000000000000E+000  0.100000000000000E+001  0.000000000000000E+000 -0.136510583668057E-001  0.000000000000000E+000  0.999906819961473E+000 -0.240577580882730E+000  0.000000000000000E+000 -0.328444464305345E-002
  0.531250000000000E+000  0.578496379749035E+001 -0.525614708007938E-013 -0.452849308929236E+002  0.131612865555325E-012  0.302895858812421E+001 -0.218412958381384E-013  0.999855080873036E+000  0.000000000000000E+000  0.170240198653042E-001  0.000000000000000E+000  0.100000000000000E+001  0.000000000000000E+000 -0.170240198653042E-001  0.000000000000000E+000  0.999855080873036E+000 -0.240565132458053E+000  0.000000000000000E+000 -0.409597917959219E-002
  0.537500000000000E+000  0.564115677320584E+001 -0.189796095506622E-013 -0.527114356778397E+002  0.438863159720529E-012  0.278593602473008E+001  0.967758081795903E-014  0.999792498980579E+000  0.000000000000000E+000  0.203705420195167E-001  0.000000000000000E+000  0.100000000000000E+001  0.000000000000000E+000 -0.203705420195167E-001  0.000000000000000E+000  0.999792498980579E+000 -0.240550075254727E+000  0.000000000000000E+000 -0.490115240989572E-002
